time,economy,value
YR1960,ABW,
YR1960,AFG,
YR1960,AGO,
YR1960,ALB,
YR1960,AND,
YR1960,ARE,
YR1960,ARG,
YR1960,ARM,
YR1960,ASM,
YR1960,ATG,
YR1960,AUS,
YR1960,AUT,
YR1960,AZE,
YR1960,BDI,
YR1960,BEL,
YR1960,BEN,
YR1960,BFA,
YR1960,BGD,
YR1960,BGR,
YR1960,BHR,
YR1960,BHS,
YR1960,BIH,
YR1960,BLR,
YR1960,BLZ,
YR1960,BMU,
YR1960,BOL,
YR1960,BRA,
YR1960,BRB,
YR1960,BRN,
YR1960,BTN,
YR1960,BWA,
YR1960,CAF,
YR1960,CAN,
YR1960,CHE,
YR1960,CHI,
YR1960,CHL,
YR1960,CHN,
YR1960,CIV,
YR1960,CMR,
YR1960,COD,
YR1960,COG,
YR1960,COL,
YR1960,COM,
YR1960,CPV,
YR1960,CRI,
YR1960,CUB,
YR1960,CUW,
YR1960,CYM,
YR1960,CYP,
YR1960,CZE,
YR1960,DEU,
YR1960,DJI,
YR1960,DMA,
YR1960,DNK,
YR1960,DOM,
YR1960,DZA,
YR1960,ECU,
YR1960,EGY,
YR1960,ERI,
YR1960,ESP,
YR1960,EST,
YR1960,ETH,
YR1960,FIN,
YR1960,FJI,
YR1960,FRA,
YR1960,FRO,
YR1960,FSM,
YR1960,GAB,
YR1960,GBR,
YR1960,GEO,
YR1960,GHA,
YR1960,GIB,
YR1960,GIN,
YR1960,GMB,
YR1960,GNB,
YR1960,GNQ,
YR1960,GRC,
YR1960,GRD,
YR1960,GRL,
YR1960,GTM,
YR1960,GUM,
YR1960,GUY,
YR1960,HKG,
YR1960,HND,
YR1960,HRV,
YR1960,HTI,
YR1960,HUN,
YR1960,IDN,
YR1960,IMN,
YR1960,IND,
YR1960,IRL,
YR1960,IRN,
YR1960,IRQ,
YR1960,ISL,
YR1960,ISR,
YR1960,ITA,
YR1960,JAM,
YR1960,JOR,
YR1960,JPN,
YR1960,KAZ,
YR1960,KEN,
YR1960,KGZ,
YR1960,KHM,
YR1960,KIR,
YR1960,KNA,
YR1960,KOR,
YR1960,KWT,
YR1960,LAO,
YR1960,LBN,
YR1960,LBR,
YR1960,LBY,
YR1960,LCA,
YR1960,LIE,
YR1960,LKA,
YR1960,LSO,
YR1960,LTU,
YR1960,LUX,
YR1960,LVA,
YR1960,MAC,
YR1960,MAF,
YR1960,MAR,
YR1960,MCO,
YR1960,MDA,
YR1960,MDG,
YR1960,MDV,
YR1960,MEX,
YR1960,MHL,
YR1960,MKD,
YR1960,MLI,
YR1960,MLT,
YR1960,MMR,
YR1960,MNE,
YR1960,MNG,
YR1960,MNP,
YR1960,MOZ,
YR1960,MRT,
YR1960,MUS,
YR1960,MWI,
YR1960,MYS,
YR1960,NAM,
YR1960,NCL,
YR1960,NER,
YR1960,NGA,
YR1960,NIC,
YR1960,NLD,
YR1960,NOR,
YR1960,NPL,
YR1960,NRU,
YR1960,NZL,
YR1960,OMN,
YR1960,PAK,
YR1960,PAN,
YR1960,PER,
YR1960,PHL,
YR1960,PLW,
YR1960,PNG,
YR1960,POL,
YR1960,PRI,
YR1960,PRK,
YR1960,PRT,
YR1960,PRY,
YR1960,PSE,
YR1960,PYF,
YR1960,QAT,
YR1960,ROU,
YR1960,RUS,
YR1960,RWA,
YR1960,SAU,
YR1960,SDN,
YR1960,SEN,
YR1960,SGP,
YR1960,SLB,
YR1960,SLE,
YR1960,SLV,
YR1960,SMR,
YR1960,SOM,
YR1960,SRB,
YR1960,SSD,
YR1960,STP,
YR1960,SUR,
YR1960,SVK,
YR1960,SVN,
YR1960,SWE,
YR1960,SWZ,
YR1960,SXM,
YR1960,SYC,
YR1960,SYR,
YR1960,TCA,
YR1960,TCD,
YR1960,TGO,
YR1960,THA,
YR1960,TJK,
YR1960,TKM,
YR1960,TLS,
YR1960,TON,
YR1960,TTO,
YR1960,TUN,
YR1960,TUR,
YR1960,TUV,
YR1960,TZA,
YR1960,UGA,
YR1960,UKR,
YR1960,URY,
YR1960,USA,
YR1960,UZB,
YR1960,VCT,
YR1960,VEN,
YR1960,VGB,
YR1960,VIR,
YR1960,VNM,
YR1960,VUT,
YR1960,WSM,
YR1960,XKX,
YR1960,YEM,
YR1960,ZAF,
YR1960,ZMB,
YR1960,ZWE,
YR1961,ABW,
YR1961,AFG,
YR1961,AGO,
YR1961,ALB,
YR1961,AND,
YR1961,ARE,
YR1961,ARG,
YR1961,ARM,
YR1961,ASM,
YR1961,ATG,
YR1961,AUS,
YR1961,AUT,
YR1961,AZE,
YR1961,BDI,
YR1961,BEL,
YR1961,BEN,
YR1961,BFA,
YR1961,BGD,
YR1961,BGR,
YR1961,BHR,
YR1961,BHS,
YR1961,BIH,
YR1961,BLR,
YR1961,BLZ,
YR1961,BMU,
YR1961,BOL,
YR1961,BRA,
YR1961,BRB,
YR1961,BRN,
YR1961,BTN,
YR1961,BWA,
YR1961,CAF,
YR1961,CAN,
YR1961,CHE,
YR1961,CHI,
YR1961,CHL,
YR1961,CHN,
YR1961,CIV,
YR1961,CMR,
YR1961,COD,
YR1961,COG,
YR1961,COL,
YR1961,COM,
YR1961,CPV,
YR1961,CRI,
YR1961,CUB,
YR1961,CUW,
YR1961,CYM,
YR1961,CYP,
YR1961,CZE,
YR1961,DEU,
YR1961,DJI,
YR1961,DMA,
YR1961,DNK,
YR1961,DOM,
YR1961,DZA,
YR1961,ECU,
YR1961,EGY,
YR1961,ERI,
YR1961,ESP,
YR1961,EST,
YR1961,ETH,
YR1961,FIN,
YR1961,FJI,
YR1961,FRA,
YR1961,FRO,
YR1961,FSM,
YR1961,GAB,
YR1961,GBR,
YR1961,GEO,
YR1961,GHA,
YR1961,GIB,
YR1961,GIN,
YR1961,GMB,
YR1961,GNB,
YR1961,GNQ,
YR1961,GRC,
YR1961,GRD,
YR1961,GRL,
YR1961,GTM,
YR1961,GUM,
YR1961,GUY,
YR1961,HKG,
YR1961,HND,
YR1961,HRV,
YR1961,HTI,
YR1961,HUN,
YR1961,IDN,
YR1961,IMN,
YR1961,IND,
YR1961,IRL,
YR1961,IRN,
YR1961,IRQ,
YR1961,ISL,
YR1961,ISR,
YR1961,ITA,
YR1961,JAM,
YR1961,JOR,
YR1961,JPN,
YR1961,KAZ,
YR1961,KEN,
YR1961,KGZ,
YR1961,KHM,
YR1961,KIR,
YR1961,KNA,
YR1961,KOR,
YR1961,KWT,
YR1961,LAO,
YR1961,LBN,
YR1961,LBR,
YR1961,LBY,
YR1961,LCA,
YR1961,LIE,
YR1961,LKA,
YR1961,LSO,
YR1961,LTU,
YR1961,LUX,
YR1961,LVA,
YR1961,MAC,
YR1961,MAF,
YR1961,MAR,
YR1961,MCO,
YR1961,MDA,
YR1961,MDG,
YR1961,MDV,
YR1961,MEX,
YR1961,MHL,
YR1961,MKD,
YR1961,MLI,
YR1961,MLT,
YR1961,MMR,
YR1961,MNE,
YR1961,MNG,
YR1961,MNP,
YR1961,MOZ,
YR1961,MRT,
YR1961,MUS,
YR1961,MWI,
YR1961,MYS,
YR1961,NAM,
YR1961,NCL,
YR1961,NER,
YR1961,NGA,
YR1961,NIC,
YR1961,NLD,
YR1961,NOR,
YR1961,NPL,
YR1961,NRU,
YR1961,NZL,
YR1961,OMN,
YR1961,PAK,
YR1961,PAN,
YR1961,PER,
YR1961,PHL,
YR1961,PLW,
YR1961,PNG,
YR1961,POL,
YR1961,PRI,
YR1961,PRK,
YR1961,PRT,
YR1961,PRY,
YR1961,PSE,
YR1961,PYF,
YR1961,QAT,
YR1961,ROU,
YR1961,RUS,
YR1961,RWA,
YR1961,SAU,
YR1961,SDN,
YR1961,SEN,
YR1961,SGP,
YR1961,SLB,
YR1961,SLE,
YR1961,SLV,
YR1961,SMR,
YR1961,SOM,
YR1961,SRB,
YR1961,SSD,
YR1961,STP,
YR1961,SUR,
YR1961,SVK,
YR1961,SVN,
YR1961,SWE,
YR1961,SWZ,
YR1961,SXM,
YR1961,SYC,
YR1961,SYR,
YR1961,TCA,
YR1961,TCD,
YR1961,TGO,
YR1961,THA,
YR1961,TJK,
YR1961,TKM,
YR1961,TLS,
YR1961,TON,
YR1961,TTO,
YR1961,TUN,
YR1961,TUR,
YR1961,TUV,
YR1961,TZA,
YR1961,UGA,
YR1961,UKR,
YR1961,URY,
YR1961,USA,
YR1961,UZB,
YR1961,VCT,
YR1961,VEN,
YR1961,VGB,
YR1961,VIR,
YR1961,VNM,
YR1961,VUT,
YR1961,WSM,
YR1961,XKX,
YR1961,YEM,
YR1961,ZAF,
YR1961,ZMB,
YR1961,ZWE,
YR1962,ABW,
YR1962,AFG,
YR1962,AGO,
YR1962,ALB,
YR1962,AND,
YR1962,ARE,
YR1962,ARG,
YR1962,ARM,
YR1962,ASM,
YR1962,ATG,
YR1962,AUS,
YR1962,AUT,
YR1962,AZE,
YR1962,BDI,
YR1962,BEL,
YR1962,BEN,
YR1962,BFA,
YR1962,BGD,
YR1962,BGR,
YR1962,BHR,
YR1962,BHS,
YR1962,BIH,
YR1962,BLR,
YR1962,BLZ,
YR1962,BMU,
YR1962,BOL,
YR1962,BRA,
YR1962,BRB,
YR1962,BRN,
YR1962,BTN,
YR1962,BWA,
YR1962,CAF,
YR1962,CAN,
YR1962,CHE,
YR1962,CHI,
YR1962,CHL,
YR1962,CHN,
YR1962,CIV,
YR1962,CMR,
YR1962,COD,
YR1962,COG,
YR1962,COL,
YR1962,COM,
YR1962,CPV,
YR1962,CRI,
YR1962,CUB,
YR1962,CUW,
YR1962,CYM,
YR1962,CYP,
YR1962,CZE,
YR1962,DEU,
YR1962,DJI,
YR1962,DMA,
YR1962,DNK,
YR1962,DOM,
YR1962,DZA,
YR1962,ECU,
YR1962,EGY,
YR1962,ERI,
YR1962,ESP,
YR1962,EST,
YR1962,ETH,
YR1962,FIN,
YR1962,FJI,
YR1962,FRA,
YR1962,FRO,
YR1962,FSM,
YR1962,GAB,
YR1962,GBR,
YR1962,GEO,
YR1962,GHA,
YR1962,GIB,
YR1962,GIN,
YR1962,GMB,
YR1962,GNB,
YR1962,GNQ,
YR1962,GRC,
YR1962,GRD,
YR1962,GRL,
YR1962,GTM,
YR1962,GUM,
YR1962,GUY,
YR1962,HKG,
YR1962,HND,
YR1962,HRV,
YR1962,HTI,
YR1962,HUN,
YR1962,IDN,
YR1962,IMN,
YR1962,IND,
YR1962,IRL,
YR1962,IRN,
YR1962,IRQ,
YR1962,ISL,
YR1962,ISR,
YR1962,ITA,
YR1962,JAM,
YR1962,JOR,
YR1962,JPN,
YR1962,KAZ,
YR1962,KEN,
YR1962,KGZ,
YR1962,KHM,
YR1962,KIR,
YR1962,KNA,
YR1962,KOR,
YR1962,KWT,
YR1962,LAO,
YR1962,LBN,
YR1962,LBR,
YR1962,LBY,
YR1962,LCA,
YR1962,LIE,
YR1962,LKA,
YR1962,LSO,
YR1962,LTU,
YR1962,LUX,
YR1962,LVA,
YR1962,MAC,
YR1962,MAF,
YR1962,MAR,
YR1962,MCO,
YR1962,MDA,
YR1962,MDG,
YR1962,MDV,
YR1962,MEX,
YR1962,MHL,
YR1962,MKD,
YR1962,MLI,
YR1962,MLT,
YR1962,MMR,
YR1962,MNE,
YR1962,MNG,
YR1962,MNP,
YR1962,MOZ,
YR1962,MRT,
YR1962,MUS,
YR1962,MWI,
YR1962,MYS,
YR1962,NAM,
YR1962,NCL,
YR1962,NER,
YR1962,NGA,
YR1962,NIC,
YR1962,NLD,
YR1962,NOR,
YR1962,NPL,
YR1962,NRU,
YR1962,NZL,
YR1962,OMN,
YR1962,PAK,
YR1962,PAN,
YR1962,PER,
YR1962,PHL,
YR1962,PLW,
YR1962,PNG,
YR1962,POL,
YR1962,PRI,
YR1962,PRK,
YR1962,PRT,
YR1962,PRY,
YR1962,PSE,
YR1962,PYF,
YR1962,QAT,
YR1962,ROU,
YR1962,RUS,
YR1962,RWA,
YR1962,SAU,
YR1962,SDN,
YR1962,SEN,
YR1962,SGP,
YR1962,SLB,
YR1962,SLE,
YR1962,SLV,
YR1962,SMR,
YR1962,SOM,
YR1962,SRB,
YR1962,SSD,
YR1962,STP,
YR1962,SUR,
YR1962,SVK,
YR1962,SVN,
YR1962,SWE,
YR1962,SWZ,
YR1962,SXM,
YR1962,SYC,
YR1962,SYR,
YR1962,TCA,
YR1962,TCD,
YR1962,TGO,
YR1962,THA,
YR1962,TJK,
YR1962,TKM,
YR1962,TLS,
YR1962,TON,
YR1962,TTO,
YR1962,TUN,
YR1962,TUR,
YR1962,TUV,
YR1962,TZA,
YR1962,UGA,
YR1962,UKR,
YR1962,URY,
YR1962,USA,
YR1962,UZB,
YR1962,VCT,
YR1962,VEN,
YR1962,VGB,
YR1962,VIR,
YR1962,VNM,
YR1962,VUT,
YR1962,WSM,
YR1962,XKX,
YR1962,YEM,
YR1962,ZAF,
YR1962,ZMB,
YR1962,ZWE,
YR1963,ABW,
YR1963,AFG,
YR1963,AGO,
YR1963,ALB,
YR1963,AND,
YR1963,ARE,
YR1963,ARG,
YR1963,ARM,
YR1963,ASM,
YR1963,ATG,
YR1963,AUS,
YR1963,AUT,
YR1963,AZE,
YR1963,BDI,
YR1963,BEL,
YR1963,BEN,
YR1963,BFA,
YR1963,BGD,
YR1963,BGR,
YR1963,BHR,
YR1963,BHS,
YR1963,BIH,
YR1963,BLR,
YR1963,BLZ,
YR1963,BMU,
YR1963,BOL,
YR1963,BRA,
YR1963,BRB,
YR1963,BRN,
YR1963,BTN,
YR1963,BWA,
YR1963,CAF,
YR1963,CAN,
YR1963,CHE,
YR1963,CHI,
YR1963,CHL,
YR1963,CHN,
YR1963,CIV,
YR1963,CMR,
YR1963,COD,
YR1963,COG,
YR1963,COL,
YR1963,COM,
YR1963,CPV,
YR1963,CRI,
YR1963,CUB,
YR1963,CUW,
YR1963,CYM,
YR1963,CYP,
YR1963,CZE,
YR1963,DEU,
YR1963,DJI,
YR1963,DMA,
YR1963,DNK,
YR1963,DOM,
YR1963,DZA,
YR1963,ECU,
YR1963,EGY,
YR1963,ERI,
YR1963,ESP,
YR1963,EST,
YR1963,ETH,
YR1963,FIN,
YR1963,FJI,
YR1963,FRA,
YR1963,FRO,
YR1963,FSM,
YR1963,GAB,
YR1963,GBR,
YR1963,GEO,
YR1963,GHA,
YR1963,GIB,
YR1963,GIN,
YR1963,GMB,
YR1963,GNB,
YR1963,GNQ,
YR1963,GRC,
YR1963,GRD,
YR1963,GRL,
YR1963,GTM,
YR1963,GUM,
YR1963,GUY,
YR1963,HKG,
YR1963,HND,
YR1963,HRV,
YR1963,HTI,
YR1963,HUN,
YR1963,IDN,
YR1963,IMN,
YR1963,IND,
YR1963,IRL,
YR1963,IRN,
YR1963,IRQ,
YR1963,ISL,
YR1963,ISR,
YR1963,ITA,
YR1963,JAM,
YR1963,JOR,
YR1963,JPN,
YR1963,KAZ,
YR1963,KEN,
YR1963,KGZ,
YR1963,KHM,
YR1963,KIR,
YR1963,KNA,
YR1963,KOR,
YR1963,KWT,
YR1963,LAO,
YR1963,LBN,
YR1963,LBR,
YR1963,LBY,
YR1963,LCA,
YR1963,LIE,
YR1963,LKA,
YR1963,LSO,
YR1963,LTU,
YR1963,LUX,
YR1963,LVA,
YR1963,MAC,
YR1963,MAF,
YR1963,MAR,
YR1963,MCO,
YR1963,MDA,
YR1963,MDG,
YR1963,MDV,
YR1963,MEX,
YR1963,MHL,
YR1963,MKD,
YR1963,MLI,
YR1963,MLT,
YR1963,MMR,
YR1963,MNE,
YR1963,MNG,
YR1963,MNP,
YR1963,MOZ,
YR1963,MRT,
YR1963,MUS,
YR1963,MWI,
YR1963,MYS,
YR1963,NAM,
YR1963,NCL,
YR1963,NER,
YR1963,NGA,
YR1963,NIC,
YR1963,NLD,
YR1963,NOR,
YR1963,NPL,
YR1963,NRU,
YR1963,NZL,
YR1963,OMN,
YR1963,PAK,
YR1963,PAN,
YR1963,PER,
YR1963,PHL,
YR1963,PLW,
YR1963,PNG,
YR1963,POL,
YR1963,PRI,
YR1963,PRK,
YR1963,PRT,
YR1963,PRY,
YR1963,PSE,
YR1963,PYF,
YR1963,QAT,
YR1963,ROU,
YR1963,RUS,
YR1963,RWA,
YR1963,SAU,
YR1963,SDN,
YR1963,SEN,
YR1963,SGP,
YR1963,SLB,
YR1963,SLE,
YR1963,SLV,
YR1963,SMR,
YR1963,SOM,
YR1963,SRB,
YR1963,SSD,
YR1963,STP,
YR1963,SUR,
YR1963,SVK,
YR1963,SVN,
YR1963,SWE,
YR1963,SWZ,
YR1963,SXM,
YR1963,SYC,
YR1963,SYR,
YR1963,TCA,
YR1963,TCD,
YR1963,TGO,
YR1963,THA,
YR1963,TJK,
YR1963,TKM,
YR1963,TLS,
YR1963,TON,
YR1963,TTO,
YR1963,TUN,
YR1963,TUR,
YR1963,TUV,
YR1963,TZA,
YR1963,UGA,
YR1963,UKR,
YR1963,URY,
YR1963,USA,
YR1963,UZB,
YR1963,VCT,
YR1963,VEN,
YR1963,VGB,
YR1963,VIR,
YR1963,VNM,
YR1963,VUT,
YR1963,WSM,
YR1963,XKX,
YR1963,YEM,
YR1963,ZAF,
YR1963,ZMB,
YR1963,ZWE,
YR1964,ABW,
YR1964,AFG,
YR1964,AGO,
YR1964,ALB,
YR1964,AND,
YR1964,ARE,
YR1964,ARG,
YR1964,ARM,
YR1964,ASM,
YR1964,ATG,
YR1964,AUS,
YR1964,AUT,
YR1964,AZE,
YR1964,BDI,
YR1964,BEL,
YR1964,BEN,
YR1964,BFA,
YR1964,BGD,
YR1964,BGR,
YR1964,BHR,
YR1964,BHS,
YR1964,BIH,
YR1964,BLR,
YR1964,BLZ,
YR1964,BMU,
YR1964,BOL,
YR1964,BRA,
YR1964,BRB,
YR1964,BRN,
YR1964,BTN,
YR1964,BWA,
YR1964,CAF,
YR1964,CAN,
YR1964,CHE,
YR1964,CHI,
YR1964,CHL,
YR1964,CHN,
YR1964,CIV,
YR1964,CMR,
YR1964,COD,
YR1964,COG,
YR1964,COL,
YR1964,COM,
YR1964,CPV,
YR1964,CRI,
YR1964,CUB,
YR1964,CUW,
YR1964,CYM,
YR1964,CYP,
YR1964,CZE,
YR1964,DEU,
YR1964,DJI,
YR1964,DMA,
YR1964,DNK,
YR1964,DOM,
YR1964,DZA,
YR1964,ECU,
YR1964,EGY,
YR1964,ERI,
YR1964,ESP,
YR1964,EST,
YR1964,ETH,
YR1964,FIN,
YR1964,FJI,
YR1964,FRA,
YR1964,FRO,
YR1964,FSM,
YR1964,GAB,
YR1964,GBR,
YR1964,GEO,
YR1964,GHA,
YR1964,GIB,
YR1964,GIN,
YR1964,GMB,
YR1964,GNB,
YR1964,GNQ,
YR1964,GRC,
YR1964,GRD,
YR1964,GRL,
YR1964,GTM,
YR1964,GUM,
YR1964,GUY,
YR1964,HKG,
YR1964,HND,
YR1964,HRV,
YR1964,HTI,
YR1964,HUN,
YR1964,IDN,
YR1964,IMN,
YR1964,IND,
YR1964,IRL,
YR1964,IRN,
YR1964,IRQ,
YR1964,ISL,
YR1964,ISR,
YR1964,ITA,
YR1964,JAM,
YR1964,JOR,
YR1964,JPN,
YR1964,KAZ,
YR1964,KEN,
YR1964,KGZ,
YR1964,KHM,
YR1964,KIR,
YR1964,KNA,
YR1964,KOR,
YR1964,KWT,
YR1964,LAO,
YR1964,LBN,
YR1964,LBR,
YR1964,LBY,
YR1964,LCA,
YR1964,LIE,
YR1964,LKA,
YR1964,LSO,
YR1964,LTU,
YR1964,LUX,
YR1964,LVA,
YR1964,MAC,
YR1964,MAF,
YR1964,MAR,
YR1964,MCO,
YR1964,MDA,
YR1964,MDG,
YR1964,MDV,
YR1964,MEX,
YR1964,MHL,
YR1964,MKD,
YR1964,MLI,
YR1964,MLT,
YR1964,MMR,
YR1964,MNE,
YR1964,MNG,
YR1964,MNP,
YR1964,MOZ,
YR1964,MRT,
YR1964,MUS,
YR1964,MWI,
YR1964,MYS,
YR1964,NAM,
YR1964,NCL,
YR1964,NER,
YR1964,NGA,
YR1964,NIC,
YR1964,NLD,
YR1964,NOR,
YR1964,NPL,
YR1964,NRU,
YR1964,NZL,
YR1964,OMN,
YR1964,PAK,
YR1964,PAN,
YR1964,PER,
YR1964,PHL,
YR1964,PLW,
YR1964,PNG,
YR1964,POL,
YR1964,PRI,
YR1964,PRK,
YR1964,PRT,
YR1964,PRY,
YR1964,PSE,
YR1964,PYF,
YR1964,QAT,
YR1964,ROU,
YR1964,RUS,
YR1964,RWA,
YR1964,SAU,
YR1964,SDN,
YR1964,SEN,
YR1964,SGP,
YR1964,SLB,
YR1964,SLE,
YR1964,SLV,
YR1964,SMR,
YR1964,SOM,
YR1964,SRB,
YR1964,SSD,
YR1964,STP,
YR1964,SUR,
YR1964,SVK,
YR1964,SVN,
YR1964,SWE,
YR1964,SWZ,
YR1964,SXM,
YR1964,SYC,
YR1964,SYR,
YR1964,TCA,
YR1964,TCD,
YR1964,TGO,
YR1964,THA,
YR1964,TJK,
YR1964,TKM,
YR1964,TLS,
YR1964,TON,
YR1964,TTO,
YR1964,TUN,
YR1964,TUR,
YR1964,TUV,
YR1964,TZA,
YR1964,UGA,
YR1964,UKR,
YR1964,URY,
YR1964,USA,
YR1964,UZB,
YR1964,VCT,
YR1964,VEN,
YR1964,VGB,
YR1964,VIR,
YR1964,VNM,
YR1964,VUT,
YR1964,WSM,
YR1964,XKX,
YR1964,YEM,
YR1964,ZAF,
YR1964,ZMB,
YR1964,ZWE,
YR1965,ABW,
YR1965,AFG,
YR1965,AGO,
YR1965,ALB,
YR1965,AND,
YR1965,ARE,
YR1965,ARG,
YR1965,ARM,
YR1965,ASM,
YR1965,ATG,
YR1965,AUS,
YR1965,AUT,
YR1965,AZE,
YR1965,BDI,
YR1965,BEL,
YR1965,BEN,
YR1965,BFA,
YR1965,BGD,
YR1965,BGR,
YR1965,BHR,
YR1965,BHS,
YR1965,BIH,
YR1965,BLR,
YR1965,BLZ,
YR1965,BMU,
YR1965,BOL,
YR1965,BRA,
YR1965,BRB,
YR1965,BRN,
YR1965,BTN,
YR1965,BWA,
YR1965,CAF,
YR1965,CAN,
YR1965,CHE,
YR1965,CHI,
YR1965,CHL,
YR1965,CHN,
YR1965,CIV,
YR1965,CMR,
YR1965,COD,
YR1965,COG,
YR1965,COL,
YR1965,COM,
YR1965,CPV,
YR1965,CRI,
YR1965,CUB,
YR1965,CUW,
YR1965,CYM,
YR1965,CYP,
YR1965,CZE,
YR1965,DEU,
YR1965,DJI,
YR1965,DMA,
YR1965,DNK,
YR1965,DOM,
YR1965,DZA,
YR1965,ECU,
YR1965,EGY,
YR1965,ERI,
YR1965,ESP,
YR1965,EST,
YR1965,ETH,
YR1965,FIN,
YR1965,FJI,
YR1965,FRA,
YR1965,FRO,
YR1965,FSM,
YR1965,GAB,
YR1965,GBR,
YR1965,GEO,
YR1965,GHA,
YR1965,GIB,
YR1965,GIN,
YR1965,GMB,
YR1965,GNB,
YR1965,GNQ,
YR1965,GRC,
YR1965,GRD,
YR1965,GRL,
YR1965,GTM,
YR1965,GUM,
YR1965,GUY,
YR1965,HKG,
YR1965,HND,
YR1965,HRV,
YR1965,HTI,
YR1965,HUN,
YR1965,IDN,
YR1965,IMN,
YR1965,IND,
YR1965,IRL,
YR1965,IRN,
YR1965,IRQ,
YR1965,ISL,
YR1965,ISR,
YR1965,ITA,
YR1965,JAM,
YR1965,JOR,
YR1965,JPN,
YR1965,KAZ,
YR1965,KEN,
YR1965,KGZ,
YR1965,KHM,
YR1965,KIR,
YR1965,KNA,
YR1965,KOR,
YR1965,KWT,
YR1965,LAO,
YR1965,LBN,
YR1965,LBR,
YR1965,LBY,
YR1965,LCA,
YR1965,LIE,
YR1965,LKA,
YR1965,LSO,
YR1965,LTU,
YR1965,LUX,
YR1965,LVA,
YR1965,MAC,
YR1965,MAF,
YR1965,MAR,
YR1965,MCO,
YR1965,MDA,
YR1965,MDG,
YR1965,MDV,
YR1965,MEX,
YR1965,MHL,
YR1965,MKD,
YR1965,MLI,
YR1965,MLT,
YR1965,MMR,
YR1965,MNE,
YR1965,MNG,
YR1965,MNP,
YR1965,MOZ,
YR1965,MRT,
YR1965,MUS,
YR1965,MWI,
YR1965,MYS,
YR1965,NAM,
YR1965,NCL,
YR1965,NER,
YR1965,NGA,
YR1965,NIC,
YR1965,NLD,
YR1965,NOR,
YR1965,NPL,
YR1965,NRU,
YR1965,NZL,
YR1965,OMN,
YR1965,PAK,
YR1965,PAN,
YR1965,PER,
YR1965,PHL,
YR1965,PLW,
YR1965,PNG,
YR1965,POL,
YR1965,PRI,
YR1965,PRK,
YR1965,PRT,
YR1965,PRY,
YR1965,PSE,
YR1965,PYF,
YR1965,QAT,
YR1965,ROU,
YR1965,RUS,
YR1965,RWA,
YR1965,SAU,
YR1965,SDN,
YR1965,SEN,
YR1965,SGP,
YR1965,SLB,
YR1965,SLE,
YR1965,SLV,
YR1965,SMR,
YR1965,SOM,
YR1965,SRB,
YR1965,SSD,
YR1965,STP,
YR1965,SUR,
YR1965,SVK,
YR1965,SVN,
YR1965,SWE,
YR1965,SWZ,
YR1965,SXM,
YR1965,SYC,
YR1965,SYR,
YR1965,TCA,
YR1965,TCD,
YR1965,TGO,
YR1965,THA,
YR1965,TJK,
YR1965,TKM,
YR1965,TLS,
YR1965,TON,
YR1965,TTO,
YR1965,TUN,
YR1965,TUR,
YR1965,TUV,
YR1965,TZA,
YR1965,UGA,
YR1965,UKR,
YR1965,URY,
YR1965,USA,
YR1965,UZB,
YR1965,VCT,
YR1965,VEN,
YR1965,VGB,
YR1965,VIR,
YR1965,VNM,
YR1965,VUT,
YR1965,WSM,
YR1965,XKX,
YR1965,YEM,
YR1965,ZAF,
YR1965,ZMB,
YR1965,ZWE,
YR1966,ABW,
YR1966,AFG,
YR1966,AGO,
YR1966,ALB,
YR1966,AND,
YR1966,ARE,
YR1966,ARG,
YR1966,ARM,
YR1966,ASM,
YR1966,ATG,
YR1966,AUS,
YR1966,AUT,
YR1966,AZE,
YR1966,BDI,
YR1966,BEL,
YR1966,BEN,
YR1966,BFA,
YR1966,BGD,
YR1966,BGR,
YR1966,BHR,
YR1966,BHS,
YR1966,BIH,
YR1966,BLR,
YR1966,BLZ,
YR1966,BMU,
YR1966,BOL,
YR1966,BRA,
YR1966,BRB,
YR1966,BRN,
YR1966,BTN,
YR1966,BWA,
YR1966,CAF,
YR1966,CAN,
YR1966,CHE,
YR1966,CHI,
YR1966,CHL,
YR1966,CHN,
YR1966,CIV,
YR1966,CMR,
YR1966,COD,
YR1966,COG,
YR1966,COL,
YR1966,COM,
YR1966,CPV,
YR1966,CRI,
YR1966,CUB,
YR1966,CUW,
YR1966,CYM,
YR1966,CYP,
YR1966,CZE,
YR1966,DEU,
YR1966,DJI,
YR1966,DMA,
YR1966,DNK,
YR1966,DOM,
YR1966,DZA,
YR1966,ECU,
YR1966,EGY,
YR1966,ERI,
YR1966,ESP,
YR1966,EST,
YR1966,ETH,
YR1966,FIN,
YR1966,FJI,
YR1966,FRA,
YR1966,FRO,
YR1966,FSM,
YR1966,GAB,
YR1966,GBR,
YR1966,GEO,
YR1966,GHA,
YR1966,GIB,
YR1966,GIN,
YR1966,GMB,
YR1966,GNB,
YR1966,GNQ,
YR1966,GRC,
YR1966,GRD,
YR1966,GRL,
YR1966,GTM,
YR1966,GUM,
YR1966,GUY,
YR1966,HKG,
YR1966,HND,
YR1966,HRV,
YR1966,HTI,
YR1966,HUN,
YR1966,IDN,
YR1966,IMN,
YR1966,IND,
YR1966,IRL,
YR1966,IRN,
YR1966,IRQ,
YR1966,ISL,
YR1966,ISR,
YR1966,ITA,
YR1966,JAM,
YR1966,JOR,
YR1966,JPN,
YR1966,KAZ,
YR1966,KEN,
YR1966,KGZ,
YR1966,KHM,
YR1966,KIR,
YR1966,KNA,
YR1966,KOR,
YR1966,KWT,
YR1966,LAO,
YR1966,LBN,
YR1966,LBR,
YR1966,LBY,
YR1966,LCA,
YR1966,LIE,
YR1966,LKA,
YR1966,LSO,
YR1966,LTU,
YR1966,LUX,
YR1966,LVA,
YR1966,MAC,
YR1966,MAF,
YR1966,MAR,
YR1966,MCO,
YR1966,MDA,
YR1966,MDG,
YR1966,MDV,
YR1966,MEX,
YR1966,MHL,
YR1966,MKD,
YR1966,MLI,
YR1966,MLT,
YR1966,MMR,
YR1966,MNE,
YR1966,MNG,
YR1966,MNP,
YR1966,MOZ,
YR1966,MRT,
YR1966,MUS,
YR1966,MWI,
YR1966,MYS,
YR1966,NAM,
YR1966,NCL,
YR1966,NER,
YR1966,NGA,
YR1966,NIC,
YR1966,NLD,
YR1966,NOR,
YR1966,NPL,
YR1966,NRU,
YR1966,NZL,
YR1966,OMN,
YR1966,PAK,
YR1966,PAN,
YR1966,PER,
YR1966,PHL,
YR1966,PLW,
YR1966,PNG,
YR1966,POL,
YR1966,PRI,
YR1966,PRK,
YR1966,PRT,
YR1966,PRY,
YR1966,PSE,
YR1966,PYF,
YR1966,QAT,
YR1966,ROU,
YR1966,RUS,
YR1966,RWA,
YR1966,SAU,
YR1966,SDN,
YR1966,SEN,
YR1966,SGP,
YR1966,SLB,
YR1966,SLE,
YR1966,SLV,
YR1966,SMR,
YR1966,SOM,
YR1966,SRB,
YR1966,SSD,
YR1966,STP,
YR1966,SUR,
YR1966,SVK,
YR1966,SVN,
YR1966,SWE,
YR1966,SWZ,
YR1966,SXM,
YR1966,SYC,
YR1966,SYR,
YR1966,TCA,
YR1966,TCD,
YR1966,TGO,
YR1966,THA,
YR1966,TJK,
YR1966,TKM,
YR1966,TLS,
YR1966,TON,
YR1966,TTO,
YR1966,TUN,
YR1966,TUR,
YR1966,TUV,
YR1966,TZA,
YR1966,UGA,
YR1966,UKR,
YR1966,URY,
YR1966,USA,
YR1966,UZB,
YR1966,VCT,
YR1966,VEN,
YR1966,VGB,
YR1966,VIR,
YR1966,VNM,
YR1966,VUT,
YR1966,WSM,
YR1966,XKX,
YR1966,YEM,
YR1966,ZAF,
YR1966,ZMB,
YR1966,ZWE,
YR1967,ABW,
YR1967,AFG,
YR1967,AGO,
YR1967,ALB,
YR1967,AND,
YR1967,ARE,
YR1967,ARG,
YR1967,ARM,
YR1967,ASM,
YR1967,ATG,
YR1967,AUS,
YR1967,AUT,
YR1967,AZE,
YR1967,BDI,
YR1967,BEL,
YR1967,BEN,
YR1967,BFA,
YR1967,BGD,
YR1967,BGR,
YR1967,BHR,
YR1967,BHS,
YR1967,BIH,
YR1967,BLR,
YR1967,BLZ,
YR1967,BMU,
YR1967,BOL,
YR1967,BRA,
YR1967,BRB,
YR1967,BRN,
YR1967,BTN,
YR1967,BWA,
YR1967,CAF,
YR1967,CAN,
YR1967,CHE,
YR1967,CHI,
YR1967,CHL,
YR1967,CHN,
YR1967,CIV,
YR1967,CMR,
YR1967,COD,
YR1967,COG,
YR1967,COL,
YR1967,COM,
YR1967,CPV,
YR1967,CRI,
YR1967,CUB,
YR1967,CUW,
YR1967,CYM,
YR1967,CYP,
YR1967,CZE,
YR1967,DEU,
YR1967,DJI,
YR1967,DMA,
YR1967,DNK,
YR1967,DOM,
YR1967,DZA,
YR1967,ECU,
YR1967,EGY,
YR1967,ERI,
YR1967,ESP,
YR1967,EST,
YR1967,ETH,
YR1967,FIN,
YR1967,FJI,
YR1967,FRA,
YR1967,FRO,
YR1967,FSM,
YR1967,GAB,
YR1967,GBR,
YR1967,GEO,
YR1967,GHA,
YR1967,GIB,
YR1967,GIN,
YR1967,GMB,
YR1967,GNB,
YR1967,GNQ,
YR1967,GRC,
YR1967,GRD,
YR1967,GRL,
YR1967,GTM,
YR1967,GUM,
YR1967,GUY,
YR1967,HKG,
YR1967,HND,
YR1967,HRV,
YR1967,HTI,
YR1967,HUN,
YR1967,IDN,
YR1967,IMN,
YR1967,IND,
YR1967,IRL,
YR1967,IRN,
YR1967,IRQ,
YR1967,ISL,
YR1967,ISR,
YR1967,ITA,
YR1967,JAM,
YR1967,JOR,
YR1967,JPN,
YR1967,KAZ,
YR1967,KEN,
YR1967,KGZ,
YR1967,KHM,
YR1967,KIR,
YR1967,KNA,
YR1967,KOR,
YR1967,KWT,
YR1967,LAO,
YR1967,LBN,
YR1967,LBR,
YR1967,LBY,
YR1967,LCA,
YR1967,LIE,
YR1967,LKA,
YR1967,LSO,
YR1967,LTU,
YR1967,LUX,
YR1967,LVA,
YR1967,MAC,
YR1967,MAF,
YR1967,MAR,
YR1967,MCO,
YR1967,MDA,
YR1967,MDG,
YR1967,MDV,
YR1967,MEX,
YR1967,MHL,
YR1967,MKD,
YR1967,MLI,
YR1967,MLT,
YR1967,MMR,
YR1967,MNE,
YR1967,MNG,
YR1967,MNP,
YR1967,MOZ,
YR1967,MRT,
YR1967,MUS,
YR1967,MWI,
YR1967,MYS,
YR1967,NAM,
YR1967,NCL,
YR1967,NER,
YR1967,NGA,
YR1967,NIC,
YR1967,NLD,
YR1967,NOR,
YR1967,NPL,
YR1967,NRU,
YR1967,NZL,
YR1967,OMN,
YR1967,PAK,
YR1967,PAN,
YR1967,PER,
YR1967,PHL,
YR1967,PLW,
YR1967,PNG,
YR1967,POL,
YR1967,PRI,
YR1967,PRK,
YR1967,PRT,
YR1967,PRY,
YR1967,PSE,
YR1967,PYF,
YR1967,QAT,
YR1967,ROU,
YR1967,RUS,
YR1967,RWA,
YR1967,SAU,
YR1967,SDN,
YR1967,SEN,
YR1967,SGP,
YR1967,SLB,
YR1967,SLE,
YR1967,SLV,
YR1967,SMR,
YR1967,SOM,
YR1967,SRB,
YR1967,SSD,
YR1967,STP,
YR1967,SUR,
YR1967,SVK,
YR1967,SVN,
YR1967,SWE,
YR1967,SWZ,
YR1967,SXM,
YR1967,SYC,
YR1967,SYR,
YR1967,TCA,
YR1967,TCD,
YR1967,TGO,
YR1967,THA,
YR1967,TJK,
YR1967,TKM,
YR1967,TLS,
YR1967,TON,
YR1967,TTO,
YR1967,TUN,
YR1967,TUR,
YR1967,TUV,
YR1967,TZA,
YR1967,UGA,
YR1967,UKR,
YR1967,URY,
YR1967,USA,
YR1967,UZB,
YR1967,VCT,
YR1967,VEN,
YR1967,VGB,
YR1967,VIR,
YR1967,VNM,
YR1967,VUT,
YR1967,WSM,
YR1967,XKX,
YR1967,YEM,
YR1967,ZAF,
YR1967,ZMB,
YR1967,ZWE,
YR1968,ABW,
YR1968,AFG,
YR1968,AGO,
YR1968,ALB,
YR1968,AND,
YR1968,ARE,
YR1968,ARG,
YR1968,ARM,
YR1968,ASM,
YR1968,ATG,
YR1968,AUS,
YR1968,AUT,
YR1968,AZE,
YR1968,BDI,
YR1968,BEL,
YR1968,BEN,
YR1968,BFA,
YR1968,BGD,
YR1968,BGR,
YR1968,BHR,
YR1968,BHS,
YR1968,BIH,
YR1968,BLR,
YR1968,BLZ,
YR1968,BMU,
YR1968,BOL,
YR1968,BRA,
YR1968,BRB,
YR1968,BRN,
YR1968,BTN,
YR1968,BWA,
YR1968,CAF,
YR1968,CAN,
YR1968,CHE,
YR1968,CHI,
YR1968,CHL,
YR1968,CHN,
YR1968,CIV,
YR1968,CMR,
YR1968,COD,
YR1968,COG,
YR1968,COL,
YR1968,COM,
YR1968,CPV,
YR1968,CRI,
YR1968,CUB,
YR1968,CUW,
YR1968,CYM,
YR1968,CYP,
YR1968,CZE,
YR1968,DEU,
YR1968,DJI,
YR1968,DMA,
YR1968,DNK,
YR1968,DOM,
YR1968,DZA,
YR1968,ECU,
YR1968,EGY,
YR1968,ERI,
YR1968,ESP,
YR1968,EST,
YR1968,ETH,
YR1968,FIN,
YR1968,FJI,
YR1968,FRA,
YR1968,FRO,
YR1968,FSM,
YR1968,GAB,
YR1968,GBR,
YR1968,GEO,
YR1968,GHA,
YR1968,GIB,
YR1968,GIN,
YR1968,GMB,
YR1968,GNB,
YR1968,GNQ,
YR1968,GRC,
YR1968,GRD,
YR1968,GRL,
YR1968,GTM,
YR1968,GUM,
YR1968,GUY,
YR1968,HKG,
YR1968,HND,
YR1968,HRV,
YR1968,HTI,
YR1968,HUN,
YR1968,IDN,
YR1968,IMN,
YR1968,IND,
YR1968,IRL,
YR1968,IRN,
YR1968,IRQ,
YR1968,ISL,
YR1968,ISR,
YR1968,ITA,
YR1968,JAM,
YR1968,JOR,
YR1968,JPN,
YR1968,KAZ,
YR1968,KEN,
YR1968,KGZ,
YR1968,KHM,
YR1968,KIR,
YR1968,KNA,
YR1968,KOR,
YR1968,KWT,
YR1968,LAO,
YR1968,LBN,
YR1968,LBR,
YR1968,LBY,
YR1968,LCA,
YR1968,LIE,
YR1968,LKA,
YR1968,LSO,
YR1968,LTU,
YR1968,LUX,
YR1968,LVA,
YR1968,MAC,
YR1968,MAF,
YR1968,MAR,
YR1968,MCO,
YR1968,MDA,
YR1968,MDG,
YR1968,MDV,
YR1968,MEX,
YR1968,MHL,
YR1968,MKD,
YR1968,MLI,
YR1968,MLT,
YR1968,MMR,
YR1968,MNE,
YR1968,MNG,
YR1968,MNP,
YR1968,MOZ,
YR1968,MRT,
YR1968,MUS,
YR1968,MWI,
YR1968,MYS,
YR1968,NAM,
YR1968,NCL,
YR1968,NER,
YR1968,NGA,
YR1968,NIC,
YR1968,NLD,
YR1968,NOR,
YR1968,NPL,
YR1968,NRU,
YR1968,NZL,
YR1968,OMN,
YR1968,PAK,
YR1968,PAN,
YR1968,PER,
YR1968,PHL,
YR1968,PLW,
YR1968,PNG,
YR1968,POL,
YR1968,PRI,
YR1968,PRK,
YR1968,PRT,
YR1968,PRY,
YR1968,PSE,
YR1968,PYF,
YR1968,QAT,
YR1968,ROU,
YR1968,RUS,
YR1968,RWA,
YR1968,SAU,
YR1968,SDN,
YR1968,SEN,
YR1968,SGP,
YR1968,SLB,
YR1968,SLE,
YR1968,SLV,
YR1968,SMR,
YR1968,SOM,
YR1968,SRB,
YR1968,SSD,
YR1968,STP,
YR1968,SUR,
YR1968,SVK,
YR1968,SVN,
YR1968,SWE,
YR1968,SWZ,
YR1968,SXM,
YR1968,SYC,
YR1968,SYR,
YR1968,TCA,
YR1968,TCD,
YR1968,TGO,
YR1968,THA,
YR1968,TJK,
YR1968,TKM,
YR1968,TLS,
YR1968,TON,
YR1968,TTO,
YR1968,TUN,
YR1968,TUR,
YR1968,TUV,
YR1968,TZA,
YR1968,UGA,
YR1968,UKR,
YR1968,URY,
YR1968,USA,
YR1968,UZB,
YR1968,VCT,
YR1968,VEN,
YR1968,VGB,
YR1968,VIR,
YR1968,VNM,
YR1968,VUT,
YR1968,WSM,
YR1968,XKX,
YR1968,YEM,
YR1968,ZAF,
YR1968,ZMB,
YR1968,ZWE,
YR1969,ABW,
YR1969,AFG,
YR1969,AGO,
YR1969,ALB,
YR1969,AND,
YR1969,ARE,
YR1969,ARG,
YR1969,ARM,
YR1969,ASM,
YR1969,ATG,
YR1969,AUS,
YR1969,AUT,
YR1969,AZE,
YR1969,BDI,
YR1969,BEL,
YR1969,BEN,
YR1969,BFA,
YR1969,BGD,
YR1969,BGR,
YR1969,BHR,
YR1969,BHS,
YR1969,BIH,
YR1969,BLR,
YR1969,BLZ,
YR1969,BMU,
YR1969,BOL,
YR1969,BRA,
YR1969,BRB,
YR1969,BRN,
YR1969,BTN,
YR1969,BWA,
YR1969,CAF,
YR1969,CAN,
YR1969,CHE,
YR1969,CHI,
YR1969,CHL,
YR1969,CHN,
YR1969,CIV,
YR1969,CMR,
YR1969,COD,
YR1969,COG,
YR1969,COL,
YR1969,COM,
YR1969,CPV,
YR1969,CRI,
YR1969,CUB,
YR1969,CUW,
YR1969,CYM,
YR1969,CYP,
YR1969,CZE,
YR1969,DEU,
YR1969,DJI,
YR1969,DMA,
YR1969,DNK,
YR1969,DOM,
YR1969,DZA,
YR1969,ECU,
YR1969,EGY,
YR1969,ERI,
YR1969,ESP,
YR1969,EST,
YR1969,ETH,
YR1969,FIN,
YR1969,FJI,
YR1969,FRA,
YR1969,FRO,
YR1969,FSM,
YR1969,GAB,
YR1969,GBR,
YR1969,GEO,
YR1969,GHA,
YR1969,GIB,
YR1969,GIN,
YR1969,GMB,
YR1969,GNB,
YR1969,GNQ,
YR1969,GRC,
YR1969,GRD,
YR1969,GRL,
YR1969,GTM,
YR1969,GUM,
YR1969,GUY,
YR1969,HKG,
YR1969,HND,
YR1969,HRV,
YR1969,HTI,
YR1969,HUN,
YR1969,IDN,
YR1969,IMN,
YR1969,IND,
YR1969,IRL,
YR1969,IRN,
YR1969,IRQ,
YR1969,ISL,
YR1969,ISR,
YR1969,ITA,
YR1969,JAM,
YR1969,JOR,
YR1969,JPN,
YR1969,KAZ,
YR1969,KEN,
YR1969,KGZ,
YR1969,KHM,
YR1969,KIR,
YR1969,KNA,
YR1969,KOR,
YR1969,KWT,
YR1969,LAO,
YR1969,LBN,
YR1969,LBR,
YR1969,LBY,
YR1969,LCA,
YR1969,LIE,
YR1969,LKA,
YR1969,LSO,
YR1969,LTU,
YR1969,LUX,
YR1969,LVA,
YR1969,MAC,
YR1969,MAF,
YR1969,MAR,
YR1969,MCO,
YR1969,MDA,
YR1969,MDG,
YR1969,MDV,
YR1969,MEX,
YR1969,MHL,
YR1969,MKD,
YR1969,MLI,
YR1969,MLT,
YR1969,MMR,
YR1969,MNE,
YR1969,MNG,
YR1969,MNP,
YR1969,MOZ,
YR1969,MRT,
YR1969,MUS,
YR1969,MWI,
YR1969,MYS,
YR1969,NAM,
YR1969,NCL,
YR1969,NER,
YR1969,NGA,
YR1969,NIC,
YR1969,NLD,
YR1969,NOR,
YR1969,NPL,
YR1969,NRU,
YR1969,NZL,
YR1969,OMN,
YR1969,PAK,
YR1969,PAN,
YR1969,PER,
YR1969,PHL,
YR1969,PLW,
YR1969,PNG,
YR1969,POL,
YR1969,PRI,
YR1969,PRK,
YR1969,PRT,
YR1969,PRY,
YR1969,PSE,
YR1969,PYF,
YR1969,QAT,
YR1969,ROU,
YR1969,RUS,
YR1969,RWA,
YR1969,SAU,
YR1969,SDN,
YR1969,SEN,
YR1969,SGP,
YR1969,SLB,
YR1969,SLE,
YR1969,SLV,
YR1969,SMR,
YR1969,SOM,
YR1969,SRB,
YR1969,SSD,
YR1969,STP,
YR1969,SUR,
YR1969,SVK,
YR1969,SVN,
YR1969,SWE,
YR1969,SWZ,
YR1969,SXM,
YR1969,SYC,
YR1969,SYR,
YR1969,TCA,
YR1969,TCD,
YR1969,TGO,
YR1969,THA,
YR1969,TJK,
YR1969,TKM,
YR1969,TLS,
YR1969,TON,
YR1969,TTO,
YR1969,TUN,
YR1969,TUR,
YR1969,TUV,
YR1969,TZA,
YR1969,UGA,
YR1969,UKR,
YR1969,URY,
YR1969,USA,
YR1969,UZB,
YR1969,VCT,
YR1969,VEN,
YR1969,VGB,
YR1969,VIR,
YR1969,VNM,
YR1969,VUT,
YR1969,WSM,
YR1969,XKX,
YR1969,YEM,
YR1969,ZAF,
YR1969,ZMB,
YR1969,ZWE,
YR1970,ABW,
YR1970,AFG,
YR1970,AGO,
YR1970,ALB,
YR1970,AND,
YR1970,ARE,
YR1970,ARG,4.0
YR1970,ARM,
YR1970,ASM,
YR1970,ATG,
YR1970,AUS,
YR1970,AUT,
YR1970,AZE,
YR1970,BDI,
YR1970,BEL,5.17800998687744
YR1970,BEN,
YR1970,BFA,
YR1970,BGD,
YR1970,BGR,
YR1970,BHR,
YR1970,BHS,
YR1970,BIH,
YR1970,BLR,5.34779977798462
YR1970,BLZ,1.39274001121521
YR1970,BMU,7.40000009536743
YR1970,BOL,
YR1970,BRA,1.97546005249023
YR1970,BRB,1.20000004768372
YR1970,BRN,
YR1970,BTN,
YR1970,BWA,
YR1970,CAF,
YR1970,CAN,
YR1970,CHE,
YR1970,CHI,
YR1970,CHL,3.79999995231628
YR1970,CHN,
YR1970,CIV,
YR1970,CMR,
YR1970,COD,
YR1970,COG,
YR1970,COL,
YR1970,COM,
YR1970,CPV,
YR1970,CRI,
YR1970,CUB,
YR1970,CUW,
YR1970,CYM,2.90000009536743
YR1970,CYP,
YR1970,CZE,
YR1970,DEU,
YR1970,DJI,
YR1970,DMA,1.10000002384186
YR1970,DNK,
YR1970,DOM,1.89999997615814
YR1970,DZA,
YR1970,ECU,
YR1970,EGY,
YR1970,ERI,
YR1970,ESP,3.68259000778198
YR1970,EST,
YR1970,ETH,
YR1970,FIN,
YR1970,FJI,
YR1970,FRA,
YR1970,FRO,
YR1970,FSM,
YR1970,GAB,
YR1970,GBR,
YR1970,GEO,
YR1970,GHA,0.400000005960464
YR1970,GIB,
YR1970,GIN,
YR1970,GMB,
YR1970,GNB,
YR1970,GNQ,
YR1970,GRC,
YR1970,GRD,0.998480021953583
YR1970,GRL,
YR1970,GTM,
YR1970,GUM,21.4790096282959
YR1970,GUY,0.930429995059967
YR1970,HKG,
YR1970,HND,
YR1970,HRV,
YR1970,HTI,
YR1970,HUN,5.08214998245239
YR1970,IDN,
YR1970,IMN,
YR1970,IND,
YR1970,IRL,
YR1970,IRN,
YR1970,IRQ,
YR1970,ISL,
YR1970,ISR,
YR1970,ITA,
YR1970,JAM,1.1076899766922
YR1970,JOR,
YR1970,JPN,9.47811985015869
YR1970,KAZ,
YR1970,KEN,
YR1970,KGZ,
YR1970,KHM,
YR1970,KIR,
YR1970,KNA,1.10000002384186
YR1970,KOR,5.73537015914917
YR1970,KWT,4.59999990463257
YR1970,LAO,
YR1970,LBN,3.09999990463257
YR1970,LBR,
YR1970,LBY,
YR1970,LCA,1.0
YR1970,LIE,5.40000009536743
YR1970,LKA,
YR1970,LSO,
YR1970,LTU,
YR1970,LUX,
YR1970,LVA,
YR1970,MAC,1.37853002548218
YR1970,MAF,
YR1970,MAR,
YR1970,MCO,
YR1970,MDA,
YR1970,MDG,
YR1970,MDV,
YR1970,MEX,
YR1970,MHL,
YR1970,MKD,
YR1970,MLI,
YR1970,MLT,
YR1970,MMR,
YR1970,MNE,
YR1970,MNG,
YR1970,MNP,
YR1970,MOZ,
YR1970,MRT,
YR1970,MUS,
YR1970,MWI,
YR1970,MYS,
YR1970,NAM,
YR1970,NCL,
YR1970,NER,
YR1970,NGA,
YR1970,NIC,
YR1970,NLD,
YR1970,NOR,7.40000009536743
YR1970,NPL,
YR1970,NRU,
YR1970,NZL,
YR1970,OMN,
YR1970,PAK,
YR1970,PAN,4.19999980926514
YR1970,PER,
YR1970,PHL,9.56816005706787
YR1970,PLW,
YR1970,PNG,
YR1970,POL,5.40000009536743
YR1970,PRI,12.05774974823
YR1970,PRK,
YR1970,PRT,1.64108002185822
YR1970,PRY,
YR1970,PSE,
YR1970,PYF,
YR1970,QAT,
YR1970,ROU,
YR1970,RUS,
YR1970,RWA,
YR1970,SAU,
YR1970,SDN,
YR1970,SEN,
YR1970,SGP,
YR1970,SLB,
YR1970,SLE,
YR1970,SLV,
YR1970,SMR,
YR1970,SOM,
YR1970,SRB,
YR1970,SSD,
YR1970,STP,
YR1970,SUR,
YR1970,SVK,
YR1970,SVN,
YR1970,SWE,8.31536960601807
YR1970,SWZ,
YR1970,SXM,
YR1970,SYC,
YR1970,SYR,1.29999995231628
YR1970,TCA,4.90768003463745
YR1970,TCD,
YR1970,TGO,0.151120007038116
YR1970,THA,1.10000002384186
YR1970,TJK,
YR1970,TKM,
YR1970,TLS,
YR1970,TON,
YR1970,TTO,1.20000004768372
YR1970,TUN,
YR1970,TUR,
YR1970,TUV,
YR1970,TZA,
YR1970,UGA,
YR1970,UKR,5.96437978744507
YR1970,URY,
YR1970,USA,21.2999992370605
YR1970,UZB,
YR1970,VCT,0.800000011920929
YR1970,VEN,
YR1970,VGB,
YR1970,VIR,
YR1970,VNM,
YR1970,VUT,
YR1970,WSM,
YR1970,XKX,
YR1970,YEM,
YR1970,ZAF,3.6603798866272
YR1970,ZMB,
YR1970,ZWE,
YR1971,ABW,
YR1971,AFG,
YR1971,AGO,
YR1971,ALB,
YR1971,AND,
YR1971,ARE,
YR1971,ARG,
YR1971,ARM,
YR1971,ASM,
YR1971,ATG,
YR1971,AUS,21.5
YR1971,AUT,2.55789995193481
YR1971,AZE,
YR1971,BDI,
YR1971,BEL,
YR1971,BEN,
YR1971,BFA,
YR1971,BGD,
YR1971,BGR,
YR1971,BHR,3.79999995231628
YR1971,BHS,
YR1971,BIH,
YR1971,BLR,
YR1971,BLZ,
YR1971,BMU,
YR1971,BOL,
YR1971,BRA,
YR1971,BRB,
YR1971,BRN,3.05421996116638
YR1971,BTN,
YR1971,BWA,0.640380024909973
YR1971,CAF,
YR1971,CAN,
YR1971,CHE,
YR1971,CHI,
YR1971,CHL,
YR1971,CHN,
YR1971,CIV,
YR1971,CMR,
YR1971,COD,
YR1971,COG,
YR1971,COL,
YR1971,COM,
YR1971,CPV,
YR1971,CRI,
YR1971,CUB,
YR1971,CUW,
YR1971,CYM,
YR1971,CYP,
YR1971,CZE,
YR1971,DEU,
YR1971,DJI,
YR1971,DMA,
YR1971,DNK,
YR1971,DOM,
YR1971,DZA,0.31725999712944
YR1971,ECU,
YR1971,EGY,
YR1971,ERI,
YR1971,ESP,
YR1971,EST,
YR1971,ETH,
YR1971,FIN,
YR1971,FJI,
YR1971,FRA,
YR1971,FRO,
YR1971,FSM,
YR1971,GAB,
YR1971,GBR,7.9289698600769
YR1971,GEO,
YR1971,GHA,
YR1971,GIB,
YR1971,GIN,
YR1971,GMB,
YR1971,GNB,
YR1971,GNQ,
YR1971,GRC,
YR1971,GRD,
YR1971,GRL,
YR1971,GTM,
YR1971,GUM,
YR1971,GUY,
YR1971,HKG,3.09999990463257
YR1971,HND,
YR1971,HRV,
YR1971,HTI,0.278380006551743
YR1971,HUN,
YR1971,IDN,0.452749997377396
YR1971,IMN,
YR1971,IND,1.10687005519867
YR1971,IRL,4.64019012451172
YR1971,IRN,
YR1971,IRQ,
YR1971,ISL,
YR1971,ISR,
YR1971,ITA,2.58225011825562
YR1971,JAM,
YR1971,JOR,
YR1971,JPN,
YR1971,KAZ,
YR1971,KEN,
YR1971,KGZ,
YR1971,KHM,
YR1971,KIR,
YR1971,KNA,
YR1971,KOR,
YR1971,KWT,
YR1971,LAO,
YR1971,LBN,
YR1971,LBR,
YR1971,LBY,
YR1971,LCA,
YR1971,LIE,
YR1971,LKA,2.25575995445251
YR1971,LSO,
YR1971,LTU,
YR1971,LUX,
YR1971,LVA,
YR1971,MAC,
YR1971,MAF,
YR1971,MAR,
YR1971,MCO,
YR1971,MDA,
YR1971,MDG,
YR1971,MDV,
YR1971,MEX,
YR1971,MHL,
YR1971,MKD,
YR1971,MLI,
YR1971,MLT,
YR1971,MMR,
YR1971,MNE,
YR1971,MNG,
YR1971,MNP,
YR1971,MOZ,
YR1971,MRT,
YR1971,MUS,
YR1971,MWI,
YR1971,MYS,
YR1971,NAM,
YR1971,NCL,
YR1971,NER,
YR1971,NGA,
YR1971,NIC,
YR1971,NLD,7.19999980926514
YR1971,NOR,
YR1971,NPL,0.271129995584488
YR1971,NRU,
YR1971,NZL,
YR1971,OMN,
YR1971,PAK,
YR1971,PAN,
YR1971,PER,
YR1971,PHL,
YR1971,PLW,
YR1971,PNG,
YR1971,POL,
YR1971,PRI,
YR1971,PRK,
YR1971,PRT,
YR1971,PRY,
YR1971,PSE,
YR1971,PYF,
YR1971,QAT,
YR1971,ROU,
YR1971,RUS,
YR1971,RWA,
YR1971,SAU,
YR1971,SDN,
YR1971,SEN,
YR1971,SGP,
YR1971,SLB,
YR1971,SLE,
YR1971,SLV,1.86713004112244
YR1971,SMR,
YR1971,SOM,
YR1971,SRB,
YR1971,SSD,
YR1971,STP,
YR1971,SUR,
YR1971,SVK,
YR1971,SVN,
YR1971,SWE,
YR1971,SWZ,
YR1971,SXM,
YR1971,SYC,2.56362009048462
YR1971,SYR,
YR1971,TCA,
YR1971,TCD,
YR1971,TGO,
YR1971,THA,
YR1971,TJK,
YR1971,TKM,
YR1971,TLS,
YR1971,TON,
YR1971,TTO,
YR1971,TUN,
YR1971,TUR,
YR1971,TUV,
YR1971,TZA,
YR1971,UGA,
YR1971,UKR,
YR1971,URY,
YR1971,USA,
YR1971,UZB,
YR1971,VCT,
YR1971,VEN,2.87783002853394
YR1971,VGB,
YR1971,VIR,
YR1971,VNM,
YR1971,VUT,
YR1971,WSM,3.5622398853302
YR1971,XKX,
YR1971,YEM,
YR1971,ZAF,
YR1971,ZMB,
YR1971,ZWE,
YR1972,ABW,
YR1972,AFG,
YR1972,AGO,
YR1972,ALB,
YR1972,AND,
YR1972,ARE,
YR1972,ARG,
YR1972,ARM,
YR1972,ASM,
YR1972,ATG,
YR1972,AUS,
YR1972,AUT,
YR1972,AZE,
YR1972,BDI,
YR1972,BEL,
YR1972,BEN,
YR1972,BFA,
YR1972,BGD,
YR1972,BGR,
YR1972,BHR,
YR1972,BHS,
YR1972,BIH,
YR1972,BLR,
YR1972,BLZ,
YR1972,BMU,
YR1972,BOL,
YR1972,BRA,
YR1972,BRB,
YR1972,BRN,
YR1972,BTN,
YR1972,BWA,
YR1972,CAF,
YR1972,CAN,
YR1972,CHE,
YR1972,CHI,
YR1972,CHL,
YR1972,CHN,
YR1972,CIV,
YR1972,CMR,
YR1972,COD,
YR1972,COG,
YR1972,COL,
YR1972,COM,
YR1972,CPV,
YR1972,CRI,
YR1972,CUB,
YR1972,CUW,
YR1972,CYM,
YR1972,CYP,
YR1972,CZE,
YR1972,DEU,
YR1972,DJI,
YR1972,DMA,
YR1972,DNK,
YR1972,DOM,
YR1972,DZA,
YR1972,ECU,
YR1972,EGY,
YR1972,ERI,
YR1972,ESP,
YR1972,EST,
YR1972,ETH,
YR1972,FIN,
YR1972,FJI,
YR1972,FRA,
YR1972,FRO,
YR1972,FSM,
YR1972,GAB,
YR1972,GBR,
YR1972,GEO,
YR1972,GHA,
YR1972,GIB,
YR1972,GIN,
YR1972,GMB,
YR1972,GNB,
YR1972,GNQ,
YR1972,GRC,
YR1972,GRD,
YR1972,GRL,
YR1972,GTM,
YR1972,GUM,
YR1972,GUY,
YR1972,HKG,
YR1972,HND,
YR1972,HRV,
YR1972,HTI,
YR1972,HUN,
YR1972,IDN,
YR1972,IMN,
YR1972,IND,
YR1972,IRL,
YR1972,IRN,
YR1972,IRQ,
YR1972,ISL,
YR1972,ISR,14.7700500488281
YR1972,ITA,
YR1972,JAM,
YR1972,JOR,
YR1972,JPN,
YR1972,KAZ,
YR1972,KEN,
YR1972,KGZ,
YR1972,KHM,
YR1972,KIR,
YR1972,KNA,
YR1972,KOR,
YR1972,KWT,
YR1972,LAO,
YR1972,LBN,
YR1972,LBR,
YR1972,LBY,
YR1972,LCA,
YR1972,LIE,
YR1972,LKA,
YR1972,LSO,
YR1972,LTU,
YR1972,LUX,
YR1972,LVA,
YR1972,MAC,
YR1972,MAF,
YR1972,MAR,
YR1972,MCO,
YR1972,MDA,
YR1972,MDG,
YR1972,MDV,
YR1972,MEX,
YR1972,MHL,
YR1972,MKD,
YR1972,MLI,
YR1972,MLT,
YR1972,MMR,
YR1972,MNE,
YR1972,MNG,
YR1972,MNP,
YR1972,MOZ,
YR1972,MRT,
YR1972,MUS,1.24242997169495
YR1972,MWI,
YR1972,MYS,
YR1972,NAM,
YR1972,NCL,
YR1972,NER,
YR1972,NGA,
YR1972,NIC,
YR1972,NLD,
YR1972,NOR,
YR1972,NPL,
YR1972,NRU,
YR1972,NZL,
YR1972,OMN,
YR1972,PAK,3.40000009536743
YR1972,PAN,
YR1972,PER,4.5
YR1972,PHL,
YR1972,PLW,
YR1972,PNG,
YR1972,POL,
YR1972,PRI,
YR1972,PRK,
YR1972,PRT,
YR1972,PRY,1.98784995079041
YR1972,PSE,
YR1972,PYF,
YR1972,QAT,
YR1972,ROU,
YR1972,RUS,
YR1972,RWA,
YR1972,SAU,
YR1972,SDN,
YR1972,SEN,
YR1972,SGP,
YR1972,SLB,
YR1972,SLE,
YR1972,SLV,
YR1972,SMR,
YR1972,SOM,
YR1972,SRB,
YR1972,SSD,
YR1972,STP,
YR1972,SUR,
YR1972,SVK,
YR1972,SVN,
YR1972,SWE,
YR1972,SWZ,
YR1972,SXM,
YR1972,SYC,
YR1972,SYR,
YR1972,TCA,
YR1972,TCD,
YR1972,TGO,
YR1972,THA,
YR1972,TJK,
YR1972,TKM,
YR1972,TLS,
YR1972,TON,
YR1972,TTO,
YR1972,TUN,
YR1972,TUR,
YR1972,TUV,
YR1972,TZA,
YR1972,UGA,
YR1972,UKR,
YR1972,URY,
YR1972,USA,
YR1972,UZB,
YR1972,VCT,
YR1972,VEN,
YR1972,VGB,
YR1972,VIR,
YR1972,VNM,
YR1972,VUT,
YR1972,WSM,
YR1972,XKX,
YR1972,YEM,
YR1972,ZAF,
YR1972,ZMB,
YR1972,ZWE,
YR1973,ABW,
YR1973,AFG,
YR1973,AGO,
YR1973,ALB,
YR1973,AND,
YR1973,ARE,
YR1973,ARG,
YR1973,ARM,
YR1973,ASM,
YR1973,ATG,
YR1973,AUS,
YR1973,AUT,
YR1973,AZE,
YR1973,BDI,
YR1973,BEL,
YR1973,BEN,
YR1973,BFA,
YR1973,BGD,
YR1973,BGR,
YR1973,BHR,
YR1973,BHS,
YR1973,BIH,
YR1973,BLR,
YR1973,BLZ,
YR1973,BMU,
YR1973,BOL,
YR1973,BRA,
YR1973,BRB,
YR1973,BRN,
YR1973,BTN,
YR1973,BWA,
YR1973,CAF,
YR1973,CAN,
YR1973,CHE,
YR1973,CHI,
YR1973,CHL,
YR1973,CHN,
YR1973,CIV,
YR1973,CMR,
YR1973,COD,
YR1973,COG,
YR1973,COL,
YR1973,COM,
YR1973,CPV,
YR1973,CRI,5.77936983108521
YR1973,CUB,
YR1973,CUW,
YR1973,CYM,
YR1973,CYP,
YR1973,CZE,
YR1973,DEU,
YR1973,DJI,
YR1973,DMA,
YR1973,DNK,
YR1973,DOM,
YR1973,DZA,
YR1973,ECU,
YR1973,EGY,
YR1973,ERI,
YR1973,ESP,
YR1973,EST,
YR1973,ETH,
YR1973,FIN,
YR1973,FJI,
YR1973,FRA,
YR1973,FRO,
YR1973,FSM,
YR1973,GAB,
YR1973,GBR,
YR1973,GEO,
YR1973,GHA,
YR1973,GIB,
YR1973,GIN,
YR1973,GMB,0.215719997882843
YR1973,GNB,
YR1973,GNQ,
YR1973,GRC,
YR1973,GRD,
YR1973,GRL,
YR1973,GTM,1.20000004768372
YR1973,GUM,
YR1973,GUY,
YR1973,HKG,
YR1973,HND,
YR1973,HRV,
YR1973,HTI,
YR1973,HUN,
YR1973,IDN,
YR1973,IMN,
YR1973,IND,
YR1973,IRL,
YR1973,IRN,
YR1973,IRQ,
YR1973,ISL,
YR1973,ISR,
YR1973,ITA,
YR1973,JAM,
YR1973,JOR,
YR1973,JPN,
YR1973,KAZ,
YR1973,KEN,
YR1973,KGZ,
YR1973,KHM,
YR1973,KIR,
YR1973,KNA,
YR1973,KOR,
YR1973,KWT,
YR1973,LAO,
YR1973,LBN,
YR1973,LBR,
YR1973,LBY,
YR1973,LCA,
YR1973,LIE,
YR1973,LKA,
YR1973,LSO,
YR1973,LTU,
YR1973,LUX,
YR1973,LVA,
YR1973,MAC,
YR1973,MAF,
YR1973,MAR,
YR1973,MCO,
YR1973,MDA,
YR1973,MDG,
YR1973,MDV,
YR1973,MEX,
YR1973,MHL,
YR1973,MKD,
YR1973,MLI,
YR1973,MLT,
YR1973,MMR,0.200000002980232
YR1973,MNE,
YR1973,MNG,
YR1973,MNP,
YR1973,MOZ,
YR1973,MRT,
YR1973,MUS,
YR1973,MWI,
YR1973,MYS,
YR1973,NAM,
YR1973,NCL,
YR1973,NER,
YR1973,NGA,
YR1973,NIC,
YR1973,NLD,
YR1973,NOR,
YR1973,NPL,
YR1973,NRU,
YR1973,NZL,
YR1973,OMN,
YR1973,PAK,
YR1973,PAN,
YR1973,PER,
YR1973,PHL,
YR1973,PLW,
YR1973,PNG,
YR1973,POL,
YR1973,PRI,
YR1973,PRK,
YR1973,PRT,
YR1973,PRY,
YR1973,PSE,
YR1973,PYF,
YR1973,QAT,
YR1973,ROU,
YR1973,RUS,
YR1973,RWA,
YR1973,SAU,
YR1973,SDN,
YR1973,SEN,
YR1973,SGP,
YR1973,SLB,
YR1973,SLE,
YR1973,SLV,
YR1973,SMR,
YR1973,SOM,
YR1973,SRB,
YR1973,SSD,
YR1973,STP,
YR1973,SUR,
YR1973,SVK,
YR1973,SVN,
YR1973,SWE,
YR1973,SWZ,
YR1973,SXM,
YR1973,SYC,
YR1973,SYR,
YR1973,TCA,
YR1973,TCD,
YR1973,TGO,
YR1973,THA,
YR1973,TJK,
YR1973,TKM,
YR1973,TLS,
YR1973,TON,
YR1973,TTO,
YR1973,TUN,
YR1973,TUR,
YR1973,TUV,
YR1973,TZA,
YR1973,UGA,
YR1973,UKR,
YR1973,URY,
YR1973,USA,
YR1973,UZB,
YR1973,VCT,
YR1973,VEN,
YR1973,VGB,
YR1973,VIR,
YR1973,VNM,
YR1973,VUT,
YR1973,WSM,
YR1973,XKX,
YR1973,YEM,
YR1973,ZAF,
YR1973,ZMB,
YR1973,ZWE,
YR1974,ABW,
YR1974,AFG,
YR1974,AGO,
YR1974,ALB,
YR1974,AND,
YR1974,ARE,
YR1974,ARG,
YR1974,ARM,
YR1974,ASM,12.6000003814697
YR1974,ATG,
YR1974,AUS,
YR1974,AUT,
YR1974,AZE,
YR1974,BDI,
YR1974,BEL,
YR1974,BEN,
YR1974,BFA,
YR1974,BGD,0.860329985618591
YR1974,BGR,
YR1974,BHR,
YR1974,BHS,
YR1974,BIH,
YR1974,BLR,
YR1974,BLZ,
YR1974,BMU,
YR1974,BOL,
YR1974,BRA,
YR1974,BRB,
YR1974,BRN,
YR1974,BTN,
YR1974,BWA,
YR1974,CAF,
YR1974,CAN,
YR1974,CHE,
YR1974,CHI,
YR1974,CHL,
YR1974,CHN,
YR1974,CIV,
YR1974,CMR,
YR1974,COD,
YR1974,COG,
YR1974,COL,
YR1974,COM,
YR1974,CPV,
YR1974,CRI,
YR1974,CUB,
YR1974,CUW,
YR1974,CYM,
YR1974,CYP,
YR1974,CZE,
YR1974,DEU,
YR1974,DJI,
YR1974,DMA,
YR1974,DNK,
YR1974,DOM,
YR1974,DZA,
YR1974,ECU,3.17138004302979
YR1974,EGY,
YR1974,ERI,
YR1974,ESP,
YR1974,EST,
YR1974,ETH,
YR1974,FIN,
YR1974,FJI,
YR1974,FRA,
YR1974,FRO,
YR1974,FSM,
YR1974,GAB,
YR1974,GBR,
YR1974,GEO,
YR1974,GHA,
YR1974,GIB,
YR1974,GIN,
YR1974,GMB,
YR1974,GNB,
YR1974,GNQ,
YR1974,GRC,
YR1974,GRD,
YR1974,GRL,
YR1974,GTM,
YR1974,GUM,
YR1974,GUY,
YR1974,HKG,
YR1974,HND,1.0507800579071
YR1974,HRV,
YR1974,HTI,
YR1974,HUN,
YR1974,IDN,
YR1974,IMN,
YR1974,IND,
YR1974,IRL,
YR1974,IRN,
YR1974,IRQ,
YR1974,ISL,
YR1974,ISR,
YR1974,ITA,
YR1974,JAM,
YR1974,JOR,
YR1974,JPN,
YR1974,KAZ,
YR1974,KEN,
YR1974,KGZ,
YR1974,KHM,
YR1974,KIR,
YR1974,KNA,
YR1974,KOR,
YR1974,KWT,
YR1974,LAO,
YR1974,LBN,
YR1974,LBR,1.53909003734589
YR1974,LBY,
YR1974,LCA,
YR1974,LIE,
YR1974,LKA,
YR1974,LSO,
YR1974,LTU,
YR1974,LUX,
YR1974,LVA,
YR1974,MAC,
YR1974,MAF,
YR1974,MAR,
YR1974,MCO,
YR1974,MDA,
YR1974,MDG,
YR1974,MDV,
YR1974,MEX,
YR1974,MHL,
YR1974,MKD,
YR1974,MLI,
YR1974,MLT,
YR1974,MMR,
YR1974,MNE,
YR1974,MNG,
YR1974,MNP,
YR1974,MOZ,
YR1974,MRT,
YR1974,MUS,
YR1974,MWI,
YR1974,MYS,
YR1974,NAM,
YR1974,NCL,
YR1974,NER,
YR1974,NGA,
YR1974,NIC,
YR1974,NLD,
YR1974,NOR,
YR1974,NPL,
YR1974,NRU,
YR1974,NZL,
YR1974,OMN,
YR1974,PAK,
YR1974,PAN,
YR1974,PER,
YR1974,PHL,
YR1974,PLW,
YR1974,PNG,
YR1974,POL,
YR1974,PRI,
YR1974,PRK,
YR1974,PRT,
YR1974,PRY,
YR1974,PSE,
YR1974,PYF,
YR1974,QAT,
YR1974,ROU,
YR1974,RUS,
YR1974,RWA,
YR1974,SAU,
YR1974,SDN,
YR1974,SEN,
YR1974,SGP,
YR1974,SLB,
YR1974,SLE,
YR1974,SLV,
YR1974,SMR,
YR1974,SOM,
YR1974,SRB,
YR1974,SSD,
YR1974,STP,
YR1974,SUR,
YR1974,SVK,
YR1974,SVN,
YR1974,SWE,11.7449197769165
YR1974,SWZ,
YR1974,SXM,
YR1974,SYC,
YR1974,SYR,
YR1974,TCA,
YR1974,TCD,
YR1974,TGO,
YR1974,THA,
YR1974,TJK,
YR1974,TKM,
YR1974,TLS,
YR1974,TON,
YR1974,TTO,
YR1974,TUN,
YR1974,TUR,
YR1974,TUV,
YR1974,TZA,
YR1974,UGA,
YR1974,UKR,
YR1974,URY,
YR1974,USA,
YR1974,UZB,
YR1974,VCT,
YR1974,VEN,
YR1974,VGB,
YR1974,VIR,
YR1974,VNM,
YR1974,VUT,
YR1974,WSM,
YR1974,XKX,
YR1974,YEM,
YR1974,ZAF,
YR1974,ZMB,
YR1974,ZWE,
YR1975,ABW,
YR1975,AFG,1.70000994205475
YR1975,AGO,
YR1975,ALB,
YR1975,AND,
YR1975,ARE,6.01426982879639
YR1975,ARG,
YR1975,ARM,
YR1975,ASM,
YR1975,ATG,
YR1975,AUS,
YR1975,AUT,
YR1975,AZE,
YR1975,BDI,
YR1975,BEL,
YR1975,BEN,
YR1975,BFA,
YR1975,BGD,
YR1975,BGR,5.48691987991333
YR1975,BHR,
YR1975,BHS,
YR1975,BIH,
YR1975,BLR,
YR1975,BLZ,
YR1975,BMU,
YR1975,BOL,
YR1975,BRA,
YR1975,BRB,
YR1975,BRN,
YR1975,BTN,
YR1975,BWA,
YR1975,CAF,0.191770002245903
YR1975,CAN,
YR1975,CHE,
YR1975,CHI,
YR1975,CHL,
YR1975,CHN,
YR1975,CIV,
YR1975,CMR,
YR1975,COD,
YR1975,COG,
YR1975,COL,
YR1975,COM,
YR1975,CPV,
YR1975,CRI,
YR1975,CUB,
YR1975,CUW,
YR1975,CYM,
YR1975,CYP,
YR1975,CZE,
YR1975,DEU,
YR1975,DJI,
YR1975,DMA,
YR1975,DNK,
YR1975,DOM,
YR1975,DZA,
YR1975,ECU,
YR1975,EGY,
YR1975,ERI,
YR1975,ESP,
YR1975,EST,
YR1975,ETH,
YR1975,FIN,
YR1975,FJI,
YR1975,FRA,
YR1975,FRO,
YR1975,FSM,
YR1975,GAB,
YR1975,GBR,
YR1975,GEO,
YR1975,GHA,
YR1975,GIB,
YR1975,GIN,
YR1975,GMB,
YR1975,GNB,
YR1975,GNQ,
YR1975,GRC,
YR1975,GRD,
YR1975,GRL,
YR1975,GTM,
YR1975,GUM,
YR1975,GUY,
YR1975,HKG,
YR1975,HND,
YR1975,HRV,
YR1975,HTI,
YR1975,HUN,
YR1975,IDN,
YR1975,IMN,
YR1975,IND,
YR1975,IRL,
YR1975,IRN,
YR1975,IRQ,
YR1975,ISL,
YR1975,ISR,
YR1975,ITA,
YR1975,JAM,
YR1975,JOR,
YR1975,JPN,
YR1975,KAZ,
YR1975,KEN,
YR1975,KGZ,
YR1975,KHM,
YR1975,KIR,
YR1975,KNA,
YR1975,KOR,6.90000009536743
YR1975,KWT,6.59999990463257
YR1975,LAO,
YR1975,LBN,
YR1975,LBR,
YR1975,LBY,
YR1975,LCA,
YR1975,LIE,
YR1975,LKA,
YR1975,LSO,
YR1975,LTU,
YR1975,LUX,
YR1975,LVA,
YR1975,MAC,
YR1975,MAF,
YR1975,MAR,
YR1975,MCO,17.3119297027588
YR1975,MDA,
YR1975,MDG,
YR1975,MDV,
YR1975,MEX,
YR1975,MHL,
YR1975,MKD,
YR1975,MLI,
YR1975,MLT,
YR1975,MMR,
YR1975,MNE,
YR1975,MNG,
YR1975,MNP,
YR1975,MOZ,
YR1975,MRT,
YR1975,MUS,
YR1975,MWI,
YR1975,MYS,
YR1975,NAM,
YR1975,NCL,
YR1975,NER,
YR1975,NGA,
YR1975,NIC,
YR1975,NLD,
YR1975,NOR,9.10000038146973
YR1975,NPL,
YR1975,NRU,
YR1975,NZL,
YR1975,OMN,
YR1975,PAK,
YR1975,PAN,
YR1975,PER,
YR1975,PHL,11.829930305481
YR1975,PLW,
YR1975,PNG,
YR1975,POL,
YR1975,PRI,
YR1975,PRK,
YR1975,PRT,
YR1975,PRY,
YR1975,PSE,
YR1975,PYF,
YR1975,QAT,
YR1975,ROU,
YR1975,RUS,
YR1975,RWA,
YR1975,SAU,
YR1975,SDN,
YR1975,SEN,
YR1975,SGP,
YR1975,SLB,
YR1975,SLE,
YR1975,SLV,
YR1975,SMR,
YR1975,SOM,
YR1975,SRB,
YR1975,SSD,
YR1975,STP,
YR1975,SUR,
YR1975,SVK,
YR1975,SVN,
YR1975,SWE,
YR1975,SWZ,
YR1975,SXM,
YR1975,SYC,
YR1975,SYR,
YR1975,TCA,
YR1975,TCD,
YR1975,TGO,
YR1975,THA,
YR1975,TJK,
YR1975,TKM,
YR1975,TLS,
YR1975,TON,
YR1975,TTO,
YR1975,TUN,1.20000004768372
YR1975,TUR,1.79999995231628
YR1975,TUV,
YR1975,TZA,
YR1975,UGA,
YR1975,UKR,
YR1975,URY,6.33640003204346
YR1975,USA,26.2999992370605
YR1975,UZB,
YR1975,VCT,
YR1975,VEN,
YR1975,VGB,
YR1975,VIR,
YR1975,VNM,
YR1975,VUT,
YR1975,WSM,
YR1975,XKX,
YR1975,YEM,
YR1975,ZAF,
YR1975,ZMB,
YR1975,ZWE,
YR1976,ABW,
YR1976,AFG,
YR1976,AGO,
YR1976,ALB,
YR1976,AND,
YR1976,ARE,
YR1976,ARG,
YR1976,ARM,
YR1976,ASM,
YR1976,ATG,
YR1976,AUS,
YR1976,AUT,
YR1976,AZE,
YR1976,BDI,
YR1976,BEL,
YR1976,BEN,
YR1976,BFA,
YR1976,BGD,
YR1976,BGR,
YR1976,BHR,
YR1976,BHS,
YR1976,BIH,
YR1976,BLR,
YR1976,BLZ,
YR1976,BMU,
YR1976,BOL,5.0
YR1976,BRA,4.30000019073486
YR1976,BRB,
YR1976,BRN,
YR1976,BTN,
YR1976,BWA,
YR1976,CAF,
YR1976,CAN,
YR1976,CHE,
YR1976,CHI,
YR1976,CHL,
YR1976,CHN,
YR1976,CIV,
YR1976,CMR,0.268610000610352
YR1976,COD,
YR1976,COG,
YR1976,COL,
YR1976,COM,
YR1976,CPV,
YR1976,CRI,
YR1976,CUB,
YR1976,CUW,
YR1976,CYM,
YR1976,CYP,
YR1976,CZE,
YR1976,DEU,
YR1976,DJI,
YR1976,DMA,
YR1976,DNK,
YR1976,DOM,
YR1976,DZA,
YR1976,ECU,
YR1976,EGY,
YR1976,ERI,
YR1976,ESP,
YR1976,EST,
YR1976,ETH,
YR1976,FIN,
YR1976,FJI,3.32447004318237
YR1976,FRA,
YR1976,FRO,
YR1976,FSM,
YR1976,GAB,
YR1976,GBR,
YR1976,GEO,
YR1976,GHA,
YR1976,GIB,
YR1976,GIN,
YR1976,GMB,
YR1976,GNB,
YR1976,GNQ,
YR1976,GRC,
YR1976,GRD,
YR1976,GRL,
YR1976,GTM,
YR1976,GUM,
YR1976,GUY,
YR1976,HKG,3.79999995231628
YR1976,HND,
YR1976,HRV,
YR1976,HTI,
YR1976,HUN,
YR1976,IDN,
YR1976,IMN,
YR1976,IND,
YR1976,IRL,
YR1976,IRN,
YR1976,IRQ,
YR1976,ISL,
YR1976,ISR,
YR1976,ITA,
YR1976,JAM,
YR1976,JOR,
YR1976,JPN,
YR1976,KAZ,
YR1976,KEN,
YR1976,KGZ,
YR1976,KHM,
YR1976,KIR,
YR1976,KNA,
YR1976,KOR,
YR1976,KWT,
YR1976,LAO,
YR1976,LBN,
YR1976,LBR,
YR1976,LBY,
YR1976,LCA,
YR1976,LIE,
YR1976,LKA,
YR1976,LSO,0.117370001971722
YR1976,LTU,
YR1976,LUX,
YR1976,LVA,
YR1976,MAC,
YR1976,MAF,
YR1976,MAR,
YR1976,MCO,
YR1976,MDA,
YR1976,MDG,
YR1976,MDV,
YR1976,MEX,
YR1976,MHL,
YR1976,MKD,
YR1976,MLI,0.210759997367859
YR1976,MLT,
YR1976,MMR,
YR1976,MNE,
YR1976,MNG,
YR1976,MNP,
YR1976,MOZ,
YR1976,MRT,
YR1976,MUS,
YR1976,MWI,
YR1976,MYS,
YR1976,NAM,
YR1976,NCL,
YR1976,NER,
YR1976,NGA,
YR1976,NIC,
YR1976,NLD,
YR1976,NOR,
YR1976,NPL,
YR1976,NRU,
YR1976,NZL,
YR1976,OMN,
YR1976,PAK,
YR1976,PAN,
YR1976,PER,
YR1976,PHL,
YR1976,PLW,
YR1976,PNG,
YR1976,POL,
YR1976,PRI,
YR1976,PRK,
YR1976,PRT,
YR1976,PRY,
YR1976,PSE,
YR1976,PYF,
YR1976,QAT,
YR1976,ROU,
YR1976,RUS,
YR1976,RWA,
YR1976,SAU,
YR1976,SDN,
YR1976,SEN,
YR1976,SGP,
YR1976,SLB,
YR1976,SLE,
YR1976,SLV,
YR1976,SMR,
YR1976,SOM,
YR1976,SRB,
YR1976,SSD,
YR1976,STP,
YR1976,SUR,
YR1976,SVK,
YR1976,SVN,
YR1976,SWE,
YR1976,SWZ,1.74413001537323
YR1976,SXM,
YR1976,SYC,
YR1976,SYR,
YR1976,TCA,
YR1976,TCD,
YR1976,TGO,
YR1976,THA,
YR1976,TJK,
YR1976,TKM,
YR1976,TLS,
YR1976,TON,
YR1976,TTO,
YR1976,TUN,
YR1976,TUR,
YR1976,TUV,
YR1976,TZA,
YR1976,UGA,
YR1976,UKR,
YR1976,URY,
YR1976,USA,
YR1976,UZB,
YR1976,VCT,
YR1976,VEN,
YR1976,VGB,
YR1976,VIR,
YR1976,VNM,
YR1976,VUT,
YR1976,WSM,2.20000004768372
YR1976,XKX,
YR1976,YEM,
YR1976,ZAF,
YR1976,ZMB,
YR1976,ZWE,
YR1977,ABW,
YR1977,AFG,
YR1977,AGO,
YR1977,ALB,
YR1977,AND,
YR1977,ARE,
YR1977,ARG,
YR1977,ARM,
YR1977,ASM,
YR1977,ATG,
YR1977,AUS,
YR1977,AUT,
YR1977,AZE,
YR1977,BDI,
YR1977,BEL,
YR1977,BEN,
YR1977,BFA,
YR1977,BGD,
YR1977,BGR,
YR1977,BHR,
YR1977,BHS,
YR1977,BIH,
YR1977,BLR,
YR1977,BLZ,
YR1977,BMU,
YR1977,BOL,
YR1977,BRA,
YR1977,BRB,
YR1977,BRN,
YR1977,BTN,
YR1977,BWA,
YR1977,CAF,
YR1977,CAN,
YR1977,CHE,
YR1977,CHI,
YR1977,CHL,
YR1977,CHN,
YR1977,CIV,
YR1977,CMR,
YR1977,COD,
YR1977,COG,
YR1977,COL,
YR1977,COM,
YR1977,CPV,
YR1977,CRI,
YR1977,CUB,
YR1977,CUW,
YR1977,CYM,
YR1977,CYP,
YR1977,CZE,
YR1977,DEU,
YR1977,DJI,
YR1977,DMA,
YR1977,DNK,
YR1977,DOM,
YR1977,DZA,
YR1977,ECU,
YR1977,EGY,
YR1977,ERI,
YR1977,ESP,
YR1977,EST,
YR1977,ETH,
YR1977,FIN,
YR1977,FJI,
YR1977,FRA,
YR1977,FRO,
YR1977,FSM,
YR1977,GAB,
YR1977,GBR,
YR1977,GEO,
YR1977,GHA,
YR1977,GIB,
YR1977,GIN,
YR1977,GMB,
YR1977,GNB,
YR1977,GNQ,
YR1977,GRC,
YR1977,GRD,
YR1977,GRL,
YR1977,GTM,
YR1977,GUM,
YR1977,GUY,
YR1977,HKG,
YR1977,HND,
YR1977,HRV,
YR1977,HTI,
YR1977,HUN,
YR1977,IDN,
YR1977,IMN,
YR1977,IND,
YR1977,IRL,
YR1977,IRN,
YR1977,IRQ,
YR1977,ISL,
YR1977,ISR,
YR1977,ITA,
YR1977,JAM,
YR1977,JOR,
YR1977,JPN,
YR1977,KAZ,
YR1977,KEN,
YR1977,KGZ,
YR1977,KHM,
YR1977,KIR,
YR1977,KNA,
YR1977,KOR,
YR1977,KWT,
YR1977,LAO,
YR1977,LBN,
YR1977,LBR,
YR1977,LBY,
YR1977,LCA,
YR1977,LIE,
YR1977,LKA,
YR1977,LSO,
YR1977,LTU,
YR1977,LUX,
YR1977,LVA,
YR1977,MAC,
YR1977,MAF,
YR1977,MAR,
YR1977,MCO,
YR1977,MDA,
YR1977,MDG,
YR1977,MDV,
YR1977,MEX,
YR1977,MHL,
YR1977,MKD,
YR1977,MLI,
YR1977,MLT,
YR1977,MMR,
YR1977,MNE,
YR1977,MNG,
YR1977,MNP,
YR1977,MOZ,
YR1977,MRT,
YR1977,MUS,
YR1977,MWI,0.21254999935627
YR1977,MYS,
YR1977,NAM,
YR1977,NCL,
YR1977,NER,0.200000002980232
YR1977,NGA,
YR1977,NIC,
YR1977,NLD,
YR1977,NOR,
YR1977,NPL,
YR1977,NRU,
YR1977,NZL,
YR1977,OMN,
YR1977,PAK,
YR1977,PAN,
YR1977,PER,
YR1977,PHL,
YR1977,PLW,
YR1977,PNG,
YR1977,POL,
YR1977,PRI,
YR1977,PRK,
YR1977,PRT,
YR1977,PRY,
YR1977,PSE,
YR1977,PYF,
YR1977,QAT,
YR1977,ROU,4.59999990463257
YR1977,RUS,
YR1977,RWA,
YR1977,SAU,
YR1977,SDN,
YR1977,SEN,
YR1977,SGP,
YR1977,SLB,
YR1977,SLE,
YR1977,SLV,
YR1977,SMR,
YR1977,SOM,
YR1977,SRB,
YR1977,SSD,
YR1977,STP,
YR1977,SUR,
YR1977,SVK,
YR1977,SVN,
YR1977,SWE,
YR1977,SWZ,
YR1977,SXM,
YR1977,SYC,
YR1977,SYR,
YR1977,TCA,
YR1977,TCD,
YR1977,TGO,
YR1977,THA,
YR1977,TJK,
YR1977,TKM,
YR1977,TLS,
YR1977,TON,
YR1977,TTO,
YR1977,TUN,
YR1977,TUR,
YR1977,TUV,
YR1977,TZA,
YR1977,UGA,
YR1977,UKR,
YR1977,URY,
YR1977,USA,
YR1977,UZB,
YR1977,VCT,
YR1977,VEN,
YR1977,VGB,
YR1977,VIR,
YR1977,VNM,
YR1977,VUT,
YR1977,WSM,
YR1977,XKX,
YR1977,YEM,
YR1977,ZAF,
YR1977,ZMB,
YR1977,ZWE,
YR1978,ABW,
YR1978,AFG,
YR1978,AGO,
YR1978,ALB,
YR1978,AND,
YR1978,ARE,
YR1978,ARG,
YR1978,ARM,
YR1978,ASM,
YR1978,ATG,
YR1978,AUS,
YR1978,AUT,
YR1978,AZE,
YR1978,BDI,
YR1978,BEL,
YR1978,BEN,
YR1978,BFA,
YR1978,BGD,
YR1978,BGR,
YR1978,BHR,
YR1978,BHS,
YR1978,BIH,
YR1978,BLR,
YR1978,BLZ,
YR1978,BMU,
YR1978,BOL,
YR1978,BRA,
YR1978,BRB,
YR1978,BRN,
YR1978,BTN,
YR1978,BWA,
YR1978,CAF,
YR1978,CAN,
YR1978,CHE,
YR1978,CHI,
YR1978,CHL,
YR1978,CHN,
YR1978,CIV,
YR1978,CMR,
YR1978,COD,
YR1978,COG,
YR1978,COL,
YR1978,COM,
YR1978,CPV,
YR1978,CRI,
YR1978,CUB,
YR1978,CUW,
YR1978,CYM,
YR1978,CYP,
YR1978,CZE,
YR1978,DEU,
YR1978,DJI,
YR1978,DMA,
YR1978,DNK,
YR1978,DOM,
YR1978,DZA,
YR1978,ECU,
YR1978,EGY,
YR1978,ERI,
YR1978,ESP,
YR1978,EST,
YR1978,ETH,
YR1978,FIN,
YR1978,FJI,
YR1978,FRA,
YR1978,FRO,
YR1978,FSM,
YR1978,GAB,
YR1978,GBR,
YR1978,GEO,
YR1978,GHA,
YR1978,GIB,
YR1978,GIN,
YR1978,GMB,
YR1978,GNB,
YR1978,GNQ,
YR1978,GRC,
YR1978,GRD,
YR1978,GRL,
YR1978,GTM,
YR1978,GUM,
YR1978,GUY,
YR1978,HKG,
YR1978,HND,
YR1978,HRV,
YR1978,HTI,
YR1978,HUN,
YR1978,IDN,
YR1978,IMN,
YR1978,IND,
YR1978,IRL,
YR1978,IRN,
YR1978,IRQ,
YR1978,ISL,
YR1978,ISR,
YR1978,ITA,
YR1978,JAM,
YR1978,JOR,
YR1978,JPN,
YR1978,KAZ,
YR1978,KEN,
YR1978,KGZ,
YR1978,KHM,
YR1978,KIR,0.903039991855621
YR1978,KNA,
YR1978,KOR,
YR1978,KWT,
YR1978,LAO,
YR1978,LBN,
YR1978,LBR,
YR1978,LBY,
YR1978,LCA,
YR1978,LIE,
YR1978,LKA,
YR1978,LSO,
YR1978,LTU,
YR1978,LUX,
YR1978,LVA,
YR1978,MAC,
YR1978,MAF,
YR1978,MAR,
YR1978,MCO,
YR1978,MDA,
YR1978,MDG,
YR1978,MDV,
YR1978,MEX,
YR1978,MHL,
YR1978,MKD,
YR1978,MLI,
YR1978,MLT,
YR1978,MMR,
YR1978,MNE,
YR1978,MNG,
YR1978,MNP,
YR1978,MOZ,
YR1978,MRT,
YR1978,MUS,
YR1978,MWI,
YR1978,MYS,
YR1978,NAM,
YR1978,NCL,
YR1978,NER,
YR1978,NGA,
YR1978,NIC,
YR1978,NLD,
YR1978,NOR,
YR1978,NPL,
YR1978,NRU,
YR1978,NZL,
YR1978,OMN,
YR1978,PAK,
YR1978,PAN,
YR1978,PER,
YR1978,PHL,
YR1978,PLW,
YR1978,PNG,
YR1978,POL,5.69999980926514
YR1978,PRI,
YR1978,PRK,
YR1978,PRT,
YR1978,PRY,
YR1978,PSE,
YR1978,PYF,
YR1978,QAT,
YR1978,ROU,
YR1978,RUS,
YR1978,RWA,0.289169996976852
YR1978,SAU,
YR1978,SDN,
YR1978,SEN,
YR1978,SGP,
YR1978,SLB,
YR1978,SLE,
YR1978,SLV,
YR1978,SMR,
YR1978,SOM,
YR1978,SRB,
YR1978,SSD,
YR1978,STP,
YR1978,SUR,
YR1978,SVK,
YR1978,SVN,
YR1978,SWE,
YR1978,SWZ,
YR1978,SXM,
YR1978,SYC,
YR1978,SYR,
YR1978,TCA,
YR1978,TCD,
YR1978,TGO,
YR1978,THA,
YR1978,TJK,
YR1978,TKM,
YR1978,TLS,
YR1978,TON,
YR1978,TTO,
YR1978,TUN,
YR1978,TUR,
YR1978,TUV,
YR1978,TZA,
YR1978,UGA,
YR1978,UKR,
YR1978,URY,
YR1978,USA,
YR1978,UZB,
YR1978,VCT,
YR1978,VEN,
YR1978,VGB,
YR1978,VIR,
YR1978,VNM,
YR1978,VUT,
YR1978,WSM,
YR1978,XKX,
YR1978,YEM,
YR1978,ZAF,
YR1978,ZMB,
YR1978,ZWE,
YR1979,ABW,
YR1979,AFG,3.02445006370544
YR1979,AGO,
YR1979,ALB,
YR1979,AND,
YR1979,ARE,
YR1979,ARG,
YR1979,ARM,
YR1979,ASM,
YR1979,ATG,
YR1979,AUS,
YR1979,AUT,
YR1979,AZE,
YR1979,BDI,
YR1979,BEL,
YR1979,BEN,0.300040006637573
YR1979,BFA,
YR1979,BGD,
YR1979,BGR,
YR1979,BHR,
YR1979,BHS,
YR1979,BIH,
YR1979,BLR,
YR1979,BLZ,
YR1979,BMU,
YR1979,BOL,
YR1979,BRA,
YR1979,BRB,
YR1979,BRN,
YR1979,BTN,
YR1979,BWA,
YR1979,CAF,
YR1979,CAN,
YR1979,CHE,
YR1979,CHI,
YR1979,CHL,
YR1979,CHN,
YR1979,CIV,
YR1979,CMR,
YR1979,COD,
YR1979,COG,
YR1979,COL,
YR1979,COM,
YR1979,CPV,
YR1979,CRI,
YR1979,CUB,
YR1979,CUW,
YR1979,CYM,
YR1979,CYP,
YR1979,CZE,
YR1979,DEU,
YR1979,DJI,
YR1979,DMA,
YR1979,DNK,
YR1979,DOM,
YR1979,DZA,
YR1979,ECU,
YR1979,EGY,
YR1979,ERI,
YR1979,ESP,
YR1979,EST,
YR1979,ETH,
YR1979,FIN,
YR1979,FJI,
YR1979,FRA,
YR1979,FRO,
YR1979,FSM,
YR1979,GAB,
YR1979,GBR,
YR1979,GEO,
YR1979,GHA,
YR1979,GIB,
YR1979,GIN,
YR1979,GMB,
YR1979,GNB,
YR1979,GNQ,
YR1979,GRC,
YR1979,GRD,
YR1979,GRL,
YR1979,GTM,
YR1979,GUM,
YR1979,GUY,
YR1979,HKG,
YR1979,HND,
YR1979,HRV,
YR1979,HTI,
YR1979,HUN,
YR1979,IDN,
YR1979,IMN,
YR1979,IND,
YR1979,IRL,
YR1979,IRN,
YR1979,IRQ,
YR1979,ISL,
YR1979,ISR,
YR1979,ITA,
YR1979,JAM,
YR1979,JOR,
YR1979,JPN,
YR1979,KAZ,
YR1979,KEN,
YR1979,KGZ,
YR1979,KHM,
YR1979,KIR,
YR1979,KNA,
YR1979,KOR,
YR1979,KWT,
YR1979,LAO,
YR1979,LBN,
YR1979,LBR,
YR1979,LBY,
YR1979,LCA,
YR1979,LIE,
YR1979,LKA,
YR1979,LSO,
YR1979,LTU,
YR1979,LUX,
YR1979,LVA,
YR1979,MAC,
YR1979,MAF,
YR1979,MAR,
YR1979,MCO,
YR1979,MDA,
YR1979,MDG,
YR1979,MDV,
YR1979,MEX,
YR1979,MHL,
YR1979,MKD,
YR1979,MLI,
YR1979,MLT,
YR1979,MMR,
YR1979,MNE,
YR1979,MNG,
YR1979,MNP,
YR1979,MOZ,
YR1979,MRT,
YR1979,MUS,
YR1979,MWI,
YR1979,MYS,
YR1979,NAM,
YR1979,NCL,
YR1979,NER,
YR1979,NGA,
YR1979,NIC,
YR1979,NLD,
YR1979,NOR,
YR1979,NPL,
YR1979,NRU,
YR1979,NZL,
YR1979,OMN,
YR1979,PAK,
YR1979,PAN,
YR1979,PER,
YR1979,PHL,
YR1979,PLW,
YR1979,PNG,
YR1979,POL,
YR1979,PRI,
YR1979,PRK,
YR1979,PRT,
YR1979,PRY,
YR1979,PSE,
YR1979,PYF,
YR1979,QAT,
YR1979,ROU,
YR1979,RUS,
YR1979,RWA,
YR1979,SAU,
YR1979,SDN,
YR1979,SEN,
YR1979,SGP,
YR1979,SLB,
YR1979,SLE,
YR1979,SLV,
YR1979,SMR,
YR1979,SOM,
YR1979,SRB,
YR1979,SSD,
YR1979,STP,
YR1979,SUR,
YR1979,SVK,
YR1979,SVN,
YR1979,SWE,15.4057998657227
YR1979,SWZ,
YR1979,SXM,
YR1979,SYC,
YR1979,SYR,
YR1979,TCA,
YR1979,TCD,
YR1979,TGO,
YR1979,THA,
YR1979,TJK,
YR1979,TKM,
YR1979,TLS,
YR1979,TON,
YR1979,TTO,
YR1979,TUN,
YR1979,TUR,
YR1979,TUV,
YR1979,TZA,
YR1979,UGA,
YR1979,UKR,
YR1979,URY,
YR1979,USA,31.1000003814697
YR1979,UZB,
YR1979,VCT,
YR1979,VEN,
YR1979,VGB,
YR1979,VIR,
YR1979,VNM,1.20220005512238
YR1979,VUT,
YR1979,WSM,
YR1979,XKX,
YR1979,YEM,
YR1979,ZAF,
YR1979,ZMB,
YR1979,ZWE,
YR1980,ABW,
YR1980,AFG,
YR1980,AGO,
YR1980,ALB,
YR1980,AND,
YR1980,ARE,
YR1980,ARG,6.09999990463257
YR1980,ARM,
YR1980,ASM,16.6000003814697
YR1980,ATG,
YR1980,AUS,
YR1980,AUT,
YR1980,AZE,
YR1980,BDI,
YR1980,BEL,
YR1980,BEN,
YR1980,BFA,
YR1980,BGD,
YR1980,BGR,
YR1980,BHR,
YR1980,BHS,
YR1980,BIH,
YR1980,BLR,
YR1980,BLZ,2.29999995231628
YR1980,BMU,
YR1980,BOL,
YR1980,BRA,4.94504976272583
YR1980,BRB,3.35552000999451
YR1980,BRN,
YR1980,BTN,
YR1980,BWA,
YR1980,CAF,
YR1980,CAN,
YR1980,CHE,10.7795696258545
YR1980,CHI,
YR1980,CHL,
YR1980,CHN,
YR1980,CIV,
YR1980,CMR,
YR1980,COD,
YR1980,COG,
YR1980,COL,
YR1980,COM,
YR1980,CPV,
YR1980,CRI,
YR1980,CUB,
YR1980,CUW,
YR1980,CYM,
YR1980,CYP,
YR1980,CZE,
YR1980,DEU,
YR1980,DJI,
YR1980,DMA,
YR1980,DNK,
YR1980,DOM,
YR1980,DZA,
YR1980,ECU,
YR1980,EGY,
YR1980,ERI,
YR1980,ESP,
YR1980,EST,
YR1980,ETH,
YR1980,FIN,
YR1980,FJI,
YR1980,FRA,
YR1980,FRO,
YR1980,FSM,
YR1980,GAB,
YR1980,GBR,
YR1980,GEO,
YR1980,GHA,
YR1980,GIB,
YR1980,GIN,
YR1980,GMB,
YR1980,GNB,
YR1980,GNQ,
YR1980,GRC,
YR1980,GRD,
YR1980,GRL,
YR1980,GTM,
YR1980,GUM,34.3606796264648
YR1980,GUY,1.79866003990173
YR1980,HKG,
YR1980,HND,
YR1980,HRV,
YR1980,HTI,
YR1980,HUN,6.9764199256897
YR1980,IDN,0.830280005931854
YR1980,IMN,
YR1980,IND,
YR1980,IRL,
YR1980,IRN,
YR1980,IRQ,
YR1980,ISL,
YR1980,ISR,
YR1980,ITA,
YR1980,JAM,
YR1980,JOR,
YR1980,JPN,14.3146095275879
YR1980,KAZ,
YR1980,KEN,
YR1980,KGZ,
YR1980,KHM,
YR1980,KIR,
YR1980,KNA,2.32323002815247
YR1980,KOR,8.91444969177246
YR1980,KWT,10.0923595428467
YR1980,LAO,
YR1980,LBN,
YR1980,LBR,
YR1980,LBY,
YR1980,LCA,1.29571998119354
YR1980,LIE,
YR1980,LKA,
YR1980,LSO,
YR1980,LTU,
YR1980,LUX,
YR1980,LVA,
YR1980,MAC,
YR1980,MAF,
YR1980,MAR,
YR1980,MCO,
YR1980,MDA,
YR1980,MDG,
YR1980,MDV,
YR1980,MEX,5.32739019393921
YR1980,MHL,
YR1980,MKD,
YR1980,MLI,
YR1980,MLT,
YR1980,MMR,
YR1980,MNE,
YR1980,MNG,
YR1980,MNP,
YR1980,MOZ,0.100000001490116
YR1980,MRT,
YR1980,MUS,
YR1980,MWI,
YR1980,MYS,1.89258003234863
YR1980,NAM,
YR1980,NCL,
YR1980,NER,
YR1980,NGA,
YR1980,NIC,
YR1980,NLD,
YR1980,NOR,11.9362602233887
YR1980,NPL,
YR1980,NRU,
YR1980,NZL,
YR1980,OMN,
YR1980,PAK,
YR1980,PAN,8.26622009277344
YR1980,PER,
YR1980,PHL,15.2152099609375
YR1980,PLW,
YR1980,PNG,
YR1980,POL,
YR1980,PRI,18.4519500732422
YR1980,PRK,
YR1980,PRT,
YR1980,PRY,
YR1980,PSE,
YR1980,PYF,
YR1980,QAT,
YR1980,ROU,
YR1980,RUS,
YR1980,RWA,
YR1980,SAU,
YR1980,SDN,
YR1980,SEN,
YR1980,SGP,3.40000009536743
YR1980,SLB,
YR1980,SLE,
YR1980,SLV,
YR1980,SMR,
YR1980,SOM,
YR1980,SRB,
YR1980,SSD,
YR1980,STP,
YR1980,SUR,
YR1980,SVK,
YR1980,SVN,
YR1980,SWE,
YR1980,SWZ,
YR1980,SXM,
YR1980,SYC,
YR1980,SYR,
YR1980,TCA,7.65734004974365
YR1980,TCD,
YR1980,TGO,
YR1980,THA,2.98509001731873
YR1980,TJK,
YR1980,TKM,
YR1980,TLS,
YR1980,TON,
YR1980,TTO,2.92261004447937
YR1980,TUN,1.79999995231628
YR1980,TUR,3.59999990463257
YR1980,TUV,
YR1980,TZA,
YR1980,UGA,
YR1980,UKR,
YR1980,URY,
YR1980,USA,31.8913097381592
YR1980,UZB,
YR1980,VCT,1.39999997615814
YR1980,VEN,
YR1980,VGB,8.51187992095947
YR1980,VIR,
YR1980,VNM,
YR1980,VUT,
YR1980,WSM,
YR1980,XKX,
YR1980,YEM,
YR1980,ZAF,1.35476005077362
YR1980,ZMB,0.400000005960464
YR1980,ZWE,
YR1981,ABW,
YR1981,AFG,
YR1981,AGO,
YR1981,ALB,
YR1981,AND,
YR1981,ARE,
YR1981,ARG,
YR1981,ARM,
YR1981,ASM,
YR1981,ATG,
YR1981,AUS,
YR1981,AUT,3.24651002883911
YR1981,AZE,
YR1981,BDI,
YR1981,BEL,
YR1981,BEN,
YR1981,BFA,
YR1981,BGD,1.27348005771637
YR1981,BGR,
YR1981,BHR,
YR1981,BHS,
YR1981,BIH,
YR1981,BLR,
YR1981,BLZ,
YR1981,BMU,
YR1981,BOL,
YR1981,BRA,
YR1981,BRB,
YR1981,BRN,9.45314025878906
YR1981,BTN,
YR1981,BWA,
YR1981,CAF,
YR1981,CAN,
YR1981,CHE,
YR1981,CHI,
YR1981,CHL,
YR1981,CHN,
YR1981,CIV,
YR1981,CMR,
YR1981,COD,
YR1981,COG,
YR1981,COL,
YR1981,COM,
YR1981,CPV,
YR1981,CRI,
YR1981,CUB,
YR1981,CUW,
YR1981,CYM,
YR1981,CYP,
YR1981,CZE,
YR1981,DEU,
YR1981,DJI,
YR1981,DMA,1.70908999443054
YR1981,DNK,
YR1981,DOM,
YR1981,DZA,
YR1981,ECU,
YR1981,EGY,
YR1981,ERI,
YR1981,ESP,7.09999990463257
YR1981,EST,
YR1981,ETH,
YR1981,FIN,
YR1981,FJI,
YR1981,FRA,
YR1981,FRO,
YR1981,FSM,
YR1981,GAB,
YR1981,GBR,
YR1981,GEO,
YR1981,GHA,
YR1981,GIB,
YR1981,GIN,
YR1981,GMB,
YR1981,GNB,
YR1981,GNQ,
YR1981,GRC,7.59999990463257
YR1981,GRD,1.56549000740051
YR1981,GRL,
YR1981,GTM,2.20000004768372
YR1981,GUM,
YR1981,GUY,
YR1981,HKG,7.15563011169434
YR1981,HND,
YR1981,HRV,
YR1981,HTI,
YR1981,HUN,
YR1981,IDN,
YR1981,IMN,
YR1981,IND,2.49704003334045
YR1981,IRL,7.86207008361816
YR1981,IRN,
YR1981,IRQ,
YR1981,ISL,
YR1981,ISR,
YR1981,ITA,4.09999990463257
YR1981,JAM,
YR1981,JOR,
YR1981,JPN,
YR1981,KAZ,
YR1981,KEN,
YR1981,KGZ,
YR1981,KHM,
YR1981,KIR,
YR1981,KNA,
YR1981,KOR,
YR1981,KWT,
YR1981,LAO,
YR1981,LBN,
YR1981,LBR,
YR1981,LBY,
YR1981,LCA,
YR1981,LIE,
YR1981,LKA,1.06070005893707
YR1981,LSO,
YR1981,LTU,
YR1981,LUX,
YR1981,LVA,
YR1981,MAC,
YR1981,MAF,
YR1981,MAR,
YR1981,MCO,
YR1981,MDA,
YR1981,MDG,
YR1981,MDV,
YR1981,MEX,
YR1981,MHL,
YR1981,MKD,
YR1981,MLI,
YR1981,MLT,
YR1981,MMR,
YR1981,MNE,
YR1981,MNG,
YR1981,MNP,
YR1981,MOZ,
YR1981,MRT,
YR1981,MUS,
YR1981,MWI,
YR1981,MYS,
YR1981,NAM,
YR1981,NCL,
YR1981,NER,
YR1981,NGA,
YR1981,NIC,
YR1981,NLD,
YR1981,NOR,
YR1981,NPL,1.10976004600525
YR1981,NRU,
YR1981,NZL,30.3598899841309
YR1981,OMN,
YR1981,PAK,1.89999997615814
YR1981,PAN,
YR1981,PER,10.5288600921631
YR1981,PHL,
YR1981,PLW,
YR1981,PNG,
YR1981,POL,
YR1981,PRI,
YR1981,PRK,
YR1981,PRT,3.47294998168945
YR1981,PRY,
YR1981,PSE,
YR1981,PYF,
YR1981,QAT,
YR1981,ROU,
YR1981,RUS,
YR1981,RWA,
YR1981,SAU,
YR1981,SDN,
YR1981,SEN,
YR1981,SGP,
YR1981,SLB,
YR1981,SLE,
YR1981,SLV,
YR1981,SMR,
YR1981,SOM,
YR1981,SRB,
YR1981,SSD,
YR1981,STP,0.29423999786377
YR1981,SUR,
YR1981,SVK,
YR1981,SVN,
YR1981,SWE,
YR1981,SWZ,
YR1981,SXM,
YR1981,SYC,
YR1981,SYR,
YR1981,TCA,
YR1981,TCD,
YR1981,TGO,
YR1981,THA,
YR1981,TJK,
YR1981,TKM,
YR1981,TLS,
YR1981,TON,
YR1981,TTO,
YR1981,TUN,
YR1981,TUR,
YR1981,TUV,
YR1981,TZA,
YR1981,UGA,
YR1981,UKR,
YR1981,URY,
YR1981,USA,32.1531105041504
YR1981,UZB,
YR1981,VCT,
YR1981,VEN,7.0
YR1981,VGB,
YR1981,VIR,
YR1981,VNM,
YR1981,VUT,
YR1981,WSM,2.68013000488281
YR1981,XKX,
YR1981,YEM,
YR1981,ZAF,
YR1981,ZMB,
YR1981,ZWE,
YR1982,ABW,
YR1982,AFG,
YR1982,AGO,
YR1982,ALB,
YR1982,AND,
YR1982,ARE,
YR1982,ARG,
YR1982,ARM,
YR1982,ASM,
YR1982,ATG,
YR1982,AUS,
YR1982,AUT,
YR1982,AZE,
YR1982,BDI,
YR1982,BEL,
YR1982,BEN,
YR1982,BFA,
YR1982,BGD,
YR1982,BGR,
YR1982,BHR,
YR1982,BHS,
YR1982,BIH,
YR1982,BLR,
YR1982,BLZ,
YR1982,BMU,
YR1982,BOL,
YR1982,BRA,
YR1982,BRB,
YR1982,BRN,
YR1982,BTN,
YR1982,BWA,
YR1982,CAF,
YR1982,CAN,
YR1982,CHE,
YR1982,CHI,
YR1982,CHL,7.14266014099121
YR1982,CHN,1.01745998859406
YR1982,CIV,
YR1982,CMR,
YR1982,COD,
YR1982,COG,
YR1982,COL,
YR1982,COM,
YR1982,CPV,
YR1982,CRI,
YR1982,CUB,
YR1982,CUW,
YR1982,CYM,
YR1982,CYP,
YR1982,CZE,
YR1982,DEU,
YR1982,DJI,
YR1982,DMA,
YR1982,DNK,
YR1982,DOM,
YR1982,DZA,
YR1982,ECU,7.51887989044189
YR1982,EGY,
YR1982,ERI,
YR1982,ESP,
YR1982,EST,
YR1982,ETH,
YR1982,FIN,
YR1982,FJI,
YR1982,FRA,
YR1982,FRO,
YR1982,FSM,
YR1982,GAB,
YR1982,GBR,
YR1982,GEO,
YR1982,GHA,
YR1982,GIB,
YR1982,GIN,
YR1982,GMB,
YR1982,GNB,
YR1982,GNQ,
YR1982,GRC,
YR1982,GRD,
YR1982,GRL,
YR1982,GTM,
YR1982,GUM,
YR1982,GUY,
YR1982,HKG,
YR1982,HND,
YR1982,HRV,
YR1982,HTI,0.645250022411346
YR1982,HUN,
YR1982,IDN,
YR1982,IMN,
YR1982,IND,
YR1982,IRL,
YR1982,IRN,
YR1982,IRQ,
YR1982,ISL,
YR1982,ISR,23.1000003814697
YR1982,ITA,
YR1982,JAM,2.0
YR1982,JOR,
YR1982,JPN,
YR1982,KAZ,
YR1982,KEN,
YR1982,KGZ,
YR1982,KHM,
YR1982,KIR,
YR1982,KNA,
YR1982,KOR,
YR1982,KWT,
YR1982,LAO,
YR1982,LBN,
YR1982,LBR,
YR1982,LBY,
YR1982,LCA,
YR1982,LIE,
YR1982,LKA,
YR1982,LSO,
YR1982,LTU,
YR1982,LUX,
YR1982,LVA,
YR1982,MAC,
YR1982,MAF,
YR1982,MAR,
YR1982,MCO,
YR1982,MDA,
YR1982,MDG,
YR1982,MDV,
YR1982,MEX,
YR1982,MHL,
YR1982,MKD,
YR1982,MLI,
YR1982,MLT,
YR1982,MMR,
YR1982,MNE,
YR1982,MNG,
YR1982,MNP,
YR1982,MOZ,
YR1982,MRT,
YR1982,MUS,
YR1982,MWI,
YR1982,MYS,
YR1982,NAM,
YR1982,NCL,
YR1982,NER,
YR1982,NGA,
YR1982,NIC,
YR1982,NLD,
YR1982,NOR,
YR1982,NPL,
YR1982,NRU,
YR1982,NZL,
YR1982,OMN,
YR1982,PAK,
YR1982,PAN,
YR1982,PER,
YR1982,PHL,
YR1982,PLW,
YR1982,PNG,
YR1982,POL,
YR1982,PRI,
YR1982,PRK,
YR1982,PRT,
YR1982,PRY,3.35188007354736
YR1982,PSE,
YR1982,PYF,
YR1982,QAT,
YR1982,ROU,
YR1982,RUS,
YR1982,RWA,
YR1982,SAU,
YR1982,SDN,
YR1982,SEN,
YR1982,SGP,
YR1982,SLB,
YR1982,SLE,
YR1982,SLV,
YR1982,SMR,
YR1982,SOM,
YR1982,SRB,
YR1982,SSD,
YR1982,STP,
YR1982,SUR,
YR1982,SVK,
YR1982,SVN,
YR1982,SWE,
YR1982,SWZ,
YR1982,SXM,
YR1982,SYC,
YR1982,SYR,
YR1982,TCA,
YR1982,TCD,
YR1982,TGO,
YR1982,THA,
YR1982,TJK,
YR1982,TKM,
YR1982,TLS,
YR1982,TON,
YR1982,TTO,
YR1982,TUN,
YR1982,TUR,
YR1982,TUV,
YR1982,TZA,
YR1982,UGA,
YR1982,UKR,
YR1982,URY,
YR1982,USA,
YR1982,UZB,
YR1982,VCT,
YR1982,VEN,
YR1982,VGB,
YR1982,VIR,
YR1982,VNM,
YR1982,VUT,
YR1982,WSM,
YR1982,XKX,
YR1982,YEM,
YR1982,ZAF,
YR1982,ZMB,
YR1982,ZWE,
YR1983,ABW,
YR1983,AFG,
YR1983,AGO,
YR1983,ALB,
YR1983,AND,
YR1983,ARE,
YR1983,ARG,
YR1983,ARM,
YR1983,ASM,
YR1983,ATG,
YR1983,AUS,
YR1983,AUT,
YR1983,AZE,
YR1983,BDI,
YR1983,BEL,
YR1983,BEN,
YR1983,BFA,
YR1983,BGD,
YR1983,BGR,
YR1983,BHR,
YR1983,BHS,
YR1983,BIH,
YR1983,BLR,
YR1983,BLZ,
YR1983,BMU,
YR1983,BOL,
YR1983,BRA,
YR1983,BRB,
YR1983,BRN,
YR1983,BTN,
YR1983,BWA,
YR1983,CAF,
YR1983,CAN,
YR1983,CHE,
YR1983,CHI,
YR1983,CHL,
YR1983,CHN,
YR1983,CIV,
YR1983,CMR,
YR1983,COD,
YR1983,COG,
YR1983,COL,
YR1983,COM,
YR1983,CPV,
YR1983,CRI,
YR1983,CUB,
YR1983,CUW,
YR1983,CYM,
YR1983,CYP,
YR1983,CZE,
YR1983,DEU,
YR1983,DJI,
YR1983,DMA,
YR1983,DNK,
YR1983,DOM,
YR1983,DZA,
YR1983,ECU,
YR1983,EGY,
YR1983,ERI,
YR1983,ESP,
YR1983,EST,
YR1983,ETH,
YR1983,FIN,
YR1983,FJI,
YR1983,FRA,
YR1983,FRO,
YR1983,FSM,
YR1983,GAB,
YR1983,GBR,
YR1983,GEO,
YR1983,GHA,
YR1983,GIB,
YR1983,GIN,
YR1983,GMB,
YR1983,GNB,
YR1983,GNQ,
YR1983,GRC,
YR1983,GRD,
YR1983,GRL,
YR1983,GTM,
YR1983,GUM,
YR1983,GUY,
YR1983,HKG,
YR1983,HND,
YR1983,HRV,
YR1983,HTI,
YR1983,HUN,
YR1983,IDN,
YR1983,IMN,
YR1983,IND,
YR1983,IRL,
YR1983,IRN,
YR1983,IRQ,
YR1983,ISL,
YR1983,ISR,11.1999998092651
YR1983,ITA,
YR1983,JAM,
YR1983,JOR,
YR1983,JPN,
YR1983,KAZ,
YR1983,KEN,
YR1983,KGZ,
YR1983,KHM,
YR1983,KIR,
YR1983,KNA,
YR1983,KOR,
YR1983,KWT,
YR1983,LAO,
YR1983,LBN,
YR1983,LBR,
YR1983,LBY,
YR1983,LCA,
YR1983,LIE,
YR1983,LKA,
YR1983,LSO,
YR1983,LTU,
YR1983,LUX,
YR1983,LVA,
YR1983,MAC,
YR1983,MAF,
YR1983,MAR,
YR1983,MCO,
YR1983,MDA,
YR1983,MDG,
YR1983,MDV,
YR1983,MEX,
YR1983,MHL,
YR1983,MKD,
YR1983,MLI,
YR1983,MLT,
YR1983,MMR,2.0
YR1983,MNE,
YR1983,MNG,
YR1983,MNP,
YR1983,MOZ,
YR1983,MRT,
YR1983,MUS,3.58080005645752
YR1983,MWI,
YR1983,MYS,
YR1983,NAM,
YR1983,NCL,
YR1983,NER,
YR1983,NGA,
YR1983,NIC,
YR1983,NLD,
YR1983,NOR,
YR1983,NPL,
YR1983,NRU,
YR1983,NZL,
YR1983,OMN,
YR1983,PAK,
YR1983,PAN,
YR1983,PER,
YR1983,PHL,
YR1983,PLW,
YR1983,PNG,
YR1983,POL,
YR1983,PRI,
YR1983,PRK,
YR1983,PRT,
YR1983,PRY,
YR1983,PSE,
YR1983,PYF,
YR1983,QAT,
YR1983,ROU,
YR1983,RUS,
YR1983,RWA,
YR1983,SAU,
YR1983,SDN,0.800000011920929
YR1983,SEN,
YR1983,SGP,
YR1983,SLB,
YR1983,SLE,
YR1983,SLV,
YR1983,SMR,
YR1983,SOM,
YR1983,SRB,
YR1983,SSD,
YR1983,STP,
YR1983,SUR,
YR1983,SVK,
YR1983,SVN,
YR1983,SWE,
YR1983,SWZ,
YR1983,SXM,
YR1983,SYC,
YR1983,SYR,
YR1983,TCA,
YR1983,TCD,
YR1983,TGO,
YR1983,THA,
YR1983,TJK,
YR1983,TKM,
YR1983,TLS,
YR1983,TON,
YR1983,TTO,
YR1983,TUN,
YR1983,TUR,
YR1983,TUV,
YR1983,TZA,
YR1983,UGA,
YR1983,UKR,
YR1983,URY,
YR1983,USA,
YR1983,UZB,
YR1983,VCT,
YR1983,VEN,
YR1983,VGB,
YR1983,VIR,
YR1983,VNM,
YR1983,VUT,
YR1983,WSM,
YR1983,XKX,
YR1983,YEM,
YR1983,ZAF,
YR1983,ZMB,
YR1983,ZWE,
YR1984,ABW,
YR1984,AFG,
YR1984,AGO,
YR1984,ALB,
YR1984,AND,
YR1984,ARE,
YR1984,ARG,
YR1984,ARM,
YR1984,ASM,
YR1984,ATG,
YR1984,AUS,
YR1984,AUT,
YR1984,AZE,
YR1984,BDI,
YR1984,BEL,
YR1984,BEN,
YR1984,BFA,
YR1984,BGD,
YR1984,BGR,
YR1984,BHR,
YR1984,BHS,
YR1984,BIH,
YR1984,BLR,
YR1984,BLZ,
YR1984,BMU,
YR1984,BOL,
YR1984,BRA,
YR1984,BRB,
YR1984,BRN,
YR1984,BTN,
YR1984,BWA,
YR1984,CAF,
YR1984,CAN,
YR1984,CHE,
YR1984,CHI,
YR1984,CHL,
YR1984,CHN,
YR1984,CIV,
YR1984,CMR,
YR1984,COD,1.30248999595642
YR1984,COG,2.94641995429993
YR1984,COL,
YR1984,COM,
YR1984,CPV,
YR1984,CRI,
YR1984,CUB,
YR1984,CUW,
YR1984,CYM,
YR1984,CYP,
YR1984,CZE,
YR1984,DEU,
YR1984,DJI,
YR1984,DMA,
YR1984,DNK,
YR1984,DOM,
YR1984,DZA,
YR1984,ECU,
YR1984,EGY,
YR1984,ERI,
YR1984,ESP,
YR1984,EST,
YR1984,ETH,
YR1984,FIN,
YR1984,FJI,
YR1984,FRA,
YR1984,FRO,
YR1984,FSM,
YR1984,GAB,
YR1984,GBR,
YR1984,GEO,
YR1984,GHA,
YR1984,GIB,
YR1984,GIN,
YR1984,GMB,
YR1984,GNB,
YR1984,GNQ,
YR1984,GRC,
YR1984,GRD,
YR1984,GRL,
YR1984,GTM,
YR1984,GUM,
YR1984,GUY,
YR1984,HKG,
YR1984,HND,
YR1984,HRV,
YR1984,HTI,
YR1984,HUN,
YR1984,IDN,
YR1984,IMN,
YR1984,IND,
YR1984,IRL,
YR1984,IRN,
YR1984,IRQ,
YR1984,ISL,
YR1984,ISR,
YR1984,ITA,
YR1984,JAM,
YR1984,JOR,
YR1984,JPN,
YR1984,KAZ,
YR1984,KEN,
YR1984,KGZ,
YR1984,KHM,
YR1984,KIR,
YR1984,KNA,
YR1984,KOR,
YR1984,KWT,
YR1984,LAO,
YR1984,LBN,
YR1984,LBR,
YR1984,LBY,2.70000004768372
YR1984,LCA,
YR1984,LIE,
YR1984,LKA,
YR1984,LSO,
YR1984,LTU,
YR1984,LUX,
YR1984,LVA,
YR1984,MAC,
YR1984,MAF,
YR1984,MAR,
YR1984,MCO,
YR1984,MDA,
YR1984,MDG,
YR1984,MDV,
YR1984,MEX,
YR1984,MHL,
YR1984,MKD,
YR1984,MLI,
YR1984,MLT,
YR1984,MMR,
YR1984,MNE,
YR1984,MNG,
YR1984,MNP,
YR1984,MOZ,
YR1984,MRT,
YR1984,MUS,
YR1984,MWI,
YR1984,MYS,
YR1984,NAM,
YR1984,NCL,
YR1984,NER,
YR1984,NGA,
YR1984,NIC,
YR1984,NLD,
YR1984,NOR,
YR1984,NPL,
YR1984,NRU,
YR1984,NZL,
YR1984,OMN,
YR1984,PAK,
YR1984,PAN,
YR1984,PER,
YR1984,PHL,
YR1984,PLW,
YR1984,PNG,
YR1984,POL,
YR1984,PRI,
YR1984,PRK,
YR1984,PRT,
YR1984,PRY,
YR1984,PSE,
YR1984,PYF,
YR1984,QAT,
YR1984,ROU,
YR1984,RUS,
YR1984,RWA,
YR1984,SAU,
YR1984,SDN,
YR1984,SEN,
YR1984,SGP,
YR1984,SLB,
YR1984,SLE,
YR1984,SLV,
YR1984,SMR,
YR1984,SOM,
YR1984,SRB,
YR1984,SSD,
YR1984,STP,
YR1984,SUR,
YR1984,SVK,
YR1984,SVN,
YR1984,SWE,
YR1984,SWZ,
YR1984,SXM,
YR1984,SYC,
YR1984,SYR,
YR1984,TCA,
YR1984,TCD,
YR1984,TGO,
YR1984,THA,
YR1984,TJK,
YR1984,TKM,
YR1984,TLS,
YR1984,TON,
YR1984,TTO,
YR1984,TUN,2.84173011779785
YR1984,TUR,
YR1984,TUV,
YR1984,TZA,
YR1984,UGA,
YR1984,UKR,
YR1984,URY,
YR1984,USA,
YR1984,UZB,
YR1984,VCT,
YR1984,VEN,
YR1984,VGB,
YR1984,VIR,
YR1984,VNM,
YR1984,VUT,
YR1984,WSM,
YR1984,XKX,
YR1984,YEM,
YR1984,ZAF,
YR1984,ZMB,
YR1984,ZWE,
YR1985,ABW,
YR1985,AFG,
YR1985,AGO,
YR1985,ALB,
YR1985,AND,
YR1985,ARE,
YR1985,ARG,
YR1985,ARM,
YR1985,ASM,
YR1985,ATG,
YR1985,AUS,
YR1985,AUT,
YR1985,AZE,
YR1985,BDI,
YR1985,BEL,
YR1985,BEN,
YR1985,BFA,
YR1985,BGD,
YR1985,BGR,
YR1985,BHR,
YR1985,BHS,
YR1985,BIH,
YR1985,BLR,
YR1985,BLZ,
YR1985,BMU,
YR1985,BOL,
YR1985,BRA,
YR1985,BRB,
YR1985,BRN,
YR1985,BTN,
YR1985,BWA,
YR1985,CAF,
YR1985,CAN,
YR1985,CHE,
YR1985,CHI,
YR1985,CHL,
YR1985,CHN,
YR1985,CIV,
YR1985,CMR,
YR1985,COD,
YR1985,COG,
YR1985,COL,
YR1985,COM,
YR1985,CPV,
YR1985,CRI,
YR1985,CUB,
YR1985,CUW,
YR1985,CYM,
YR1985,CYP,
YR1985,CZE,
YR1985,DEU,
YR1985,DJI,
YR1985,DMA,
YR1985,DNK,
YR1985,DOM,
YR1985,DZA,
YR1985,ECU,
YR1985,EGY,
YR1985,ERI,
YR1985,ESP,
YR1985,EST,
YR1985,ETH,
YR1985,FIN,13.8000001907349
YR1985,FJI,
YR1985,FRA,
YR1985,FRO,
YR1985,FSM,
YR1985,GAB,
YR1985,GBR,
YR1985,GEO,
YR1985,GHA,
YR1985,GIB,
YR1985,GIN,
YR1985,GMB,
YR1985,GNB,
YR1985,GNQ,
YR1985,GRC,
YR1985,GRD,
YR1985,GRL,
YR1985,GTM,
YR1985,GUM,
YR1985,GUY,
YR1985,HKG,
YR1985,HND,
YR1985,HRV,
YR1985,HTI,
YR1985,HUN,
YR1985,IDN,
YR1985,IMN,
YR1985,IND,
YR1985,IRL,
YR1985,IRN,
YR1985,IRQ,
YR1985,ISL,
YR1985,ISR,
YR1985,ITA,
YR1985,JAM,
YR1985,JOR,
YR1985,JPN,
YR1985,KAZ,
YR1985,KEN,
YR1985,KGZ,
YR1985,KHM,
YR1985,KIR,
YR1985,KNA,
YR1985,KOR,11.7081699371338
YR1985,KWT,12.6556797027588
YR1985,LAO,
YR1985,LBN,
YR1985,LBR,
YR1985,LBY,
YR1985,LCA,
YR1985,LIE,
YR1985,LKA,
YR1985,LSO,
YR1985,LTU,
YR1985,LUX,
YR1985,LVA,
YR1985,MAC,
YR1985,MAF,
YR1985,MAR,
YR1985,MCO,
YR1985,MDA,
YR1985,MDG,
YR1985,MDV,
YR1985,MEX,
YR1985,MHL,
YR1985,MKD,
YR1985,MLI,
YR1985,MLT,
YR1985,MMR,
YR1985,MNE,
YR1985,MNG,
YR1985,MNP,
YR1985,MOZ,
YR1985,MRT,
YR1985,MUS,
YR1985,MWI,
YR1985,MYS,
YR1985,NAM,
YR1985,NCL,
YR1985,NER,
YR1985,NGA,
YR1985,NIC,
YR1985,NLD,
YR1985,NOR,
YR1985,NPL,
YR1985,NRU,
YR1985,NZL,
YR1985,OMN,
YR1985,PAK,
YR1985,PAN,
YR1985,PER,
YR1985,PHL,
YR1985,PLW,
YR1985,PNG,
YR1985,POL,
YR1985,PRI,
YR1985,PRK,
YR1985,PRT,
YR1985,PRY,
YR1985,PSE,
YR1985,PYF,
YR1985,QAT,
YR1985,ROU,
YR1985,RUS,
YR1985,RWA,
YR1985,SAU,
YR1985,SDN,
YR1985,SEN,
YR1985,SGP,
YR1985,SLB,
YR1985,SLE,
YR1985,SLV,
YR1985,SMR,
YR1985,SOM,
YR1985,SRB,
YR1985,SSD,
YR1985,STP,
YR1985,SUR,
YR1985,SVK,
YR1985,SVN,
YR1985,SWE,
YR1985,SWZ,
YR1985,SXM,
YR1985,SYC,
YR1985,SYR,
YR1985,TCA,
YR1985,TCD,
YR1985,TGO,
YR1985,THA,
YR1985,TJK,
YR1985,TKM,
YR1985,TLS,
YR1985,TON,
YR1985,TTO,
YR1985,TUN,
YR1985,TUR,10.8165302276611
YR1985,TUV,
YR1985,TZA,
YR1985,UGA,
YR1985,UKR,
YR1985,URY,8.10000038146973
YR1985,USA,
YR1985,UZB,
YR1985,VCT,
YR1985,VEN,
YR1985,VGB,
YR1985,VIR,
YR1985,VNM,
YR1985,VUT,
YR1985,WSM,
YR1985,XKX,
YR1985,YEM,
YR1985,ZAF,2.30001997947693
YR1985,ZMB,
YR1985,ZWE,
YR1986,ABW,
YR1986,AFG,
YR1986,AGO,
YR1986,ALB,
YR1986,AND,
YR1986,ARE,
YR1986,ARG,
YR1986,ARM,
YR1986,ASM,
YR1986,ATG,
YR1986,AUS,
YR1986,AUT,
YR1986,AZE,
YR1986,BDI,
YR1986,BEL,
YR1986,BEN,
YR1986,BFA,
YR1986,BGD,
YR1986,BGR,
YR1986,BHR,
YR1986,BHS,
YR1986,BIH,
YR1986,BLR,
YR1986,BLZ,
YR1986,BMU,
YR1986,BOL,
YR1986,BRA,
YR1986,BRB,
YR1986,BRN,
YR1986,BTN,
YR1986,BWA,
YR1986,CAF,
YR1986,CAN,19.3409690856934
YR1986,CHE,
YR1986,CHI,
YR1986,CHL,
YR1986,CHN,
YR1986,CIV,
YR1986,CMR,
YR1986,COD,
YR1986,COG,
YR1986,COL,
YR1986,COM,
YR1986,CPV,
YR1986,CRI,
YR1986,CUB,
YR1986,CUW,
YR1986,CYM,
YR1986,CYP,
YR1986,CZE,
YR1986,DEU,
YR1986,DJI,
YR1986,DMA,
YR1986,DNK,
YR1986,DOM,
YR1986,DZA,
YR1986,ECU,
YR1986,EGY,4.63255977630615
YR1986,ERI,
YR1986,ESP,7.0
YR1986,EST,
YR1986,ETH,
YR1986,FIN,
YR1986,FJI,4.45629978179932
YR1986,FRA,
YR1986,FRO,
YR1986,FSM,
YR1986,GAB,
YR1986,GBR,
YR1986,GEO,
YR1986,GHA,
YR1986,GIB,
YR1986,GIN,
YR1986,GMB,
YR1986,GNB,
YR1986,GNQ,
YR1986,GRC,
YR1986,GRD,
YR1986,GRL,
YR1986,GTM,
YR1986,GUM,
YR1986,GUY,
YR1986,HKG,7.69999980926514
YR1986,HND,
YR1986,HRV,
YR1986,HTI,0.7637699842453
YR1986,HUN,
YR1986,IDN,
YR1986,IMN,
YR1986,IND,
YR1986,IRL,
YR1986,IRN,
YR1986,IRQ,
YR1986,ISL,
YR1986,ISR,
YR1986,ITA,
YR1986,JAM,
YR1986,JOR,
YR1986,JPN,
YR1986,KAZ,
YR1986,KEN,
YR1986,KGZ,
YR1986,KHM,
YR1986,KIR,
YR1986,KNA,
YR1986,KOR,
YR1986,KWT,
YR1986,LAO,
YR1986,LBN,
YR1986,LBR,
YR1986,LBY,
YR1986,LCA,
YR1986,LIE,
YR1986,LKA,
YR1986,LSO,
YR1986,LTU,
YR1986,LUX,
YR1986,LVA,
YR1986,MAC,
YR1986,MAF,
YR1986,MAR,
YR1986,MCO,
YR1986,MDA,
YR1986,MDG,
YR1986,MDV,
YR1986,MEX,
YR1986,MHL,
YR1986,MKD,
YR1986,MLI,
YR1986,MLT,
YR1986,MMR,
YR1986,MNE,
YR1986,MNG,
YR1986,MNP,
YR1986,MOZ,
YR1986,MRT,
YR1986,MUS,
YR1986,MWI,
YR1986,MYS,
YR1986,NAM,
YR1986,NCL,
YR1986,NER,
YR1986,NGA,
YR1986,NIC,
YR1986,NLD,
YR1986,NOR,
YR1986,NPL,
YR1986,NRU,
YR1986,NZL,
YR1986,OMN,
YR1986,PAK,
YR1986,PAN,
YR1986,PER,
YR1986,PHL,
YR1986,PLW,
YR1986,PNG,
YR1986,POL,
YR1986,PRI,
YR1986,PRK,
YR1986,PRT,
YR1986,PRY,
YR1986,PSE,
YR1986,PYF,
YR1986,QAT,13.3000001907349
YR1986,ROU,
YR1986,RUS,
YR1986,RWA,
YR1986,SAU,
YR1986,SDN,
YR1986,SEN,
YR1986,SGP,
YR1986,SLB,
YR1986,SLE,
YR1986,SLV,
YR1986,SMR,
YR1986,SOM,
YR1986,SRB,
YR1986,SSD,
YR1986,STP,
YR1986,SUR,
YR1986,SVK,
YR1986,SVN,
YR1986,SWE,16.5848197937012
YR1986,SWZ,3.28035998344421
YR1986,SXM,
YR1986,SYC,
YR1986,SYR,
YR1986,TCA,
YR1986,TCD,
YR1986,TGO,
YR1986,THA,
YR1986,TJK,
YR1986,TKM,
YR1986,TLS,
YR1986,TON,2.86169004440308
YR1986,TTO,
YR1986,TUN,
YR1986,TUR,
YR1986,TUV,
YR1986,TZA,
YR1986,UGA,
YR1986,UKR,
YR1986,URY,
YR1986,USA,
YR1986,UZB,
YR1986,VCT,
YR1986,VEN,
YR1986,VGB,
YR1986,VIR,
YR1986,VNM,
YR1986,VUT,
YR1986,WSM,
YR1986,XKX,
YR1986,YEM,
YR1986,ZAF,
YR1986,ZMB,
YR1986,ZWE,
YR1987,ABW,
YR1987,AFG,
YR1987,AGO,
YR1987,ALB,
YR1987,AND,
YR1987,ARE,
YR1987,ARG,
YR1987,ARM,
YR1987,ASM,
YR1987,ATG,
YR1987,AUS,
YR1987,AUT,
YR1987,AZE,
YR1987,BDI,
YR1987,BEL,
YR1987,BEN,
YR1987,BFA,
YR1987,BGD,
YR1987,BGR,
YR1987,BHR,
YR1987,BHS,
YR1987,BIH,
YR1987,BLR,
YR1987,BLZ,
YR1987,BMU,
YR1987,BOL,
YR1987,BRA,
YR1987,BRB,
YR1987,BRN,
YR1987,BTN,
YR1987,BWA,
YR1987,CAF,
YR1987,CAN,
YR1987,CHE,
YR1987,CHI,
YR1987,CHL,
YR1987,CHN,
YR1987,CIV,
YR1987,CMR,
YR1987,COD,
YR1987,COG,
YR1987,COL,
YR1987,COM,
YR1987,CPV,
YR1987,CRI,
YR1987,CUB,
YR1987,CUW,
YR1987,CYM,
YR1987,CYP,
YR1987,CZE,
YR1987,DEU,
YR1987,DJI,
YR1987,DMA,
YR1987,DNK,
YR1987,DOM,
YR1987,DZA,
YR1987,ECU,
YR1987,EGY,
YR1987,ERI,
YR1987,ESP,
YR1987,EST,
YR1987,ETH,
YR1987,FIN,
YR1987,FJI,
YR1987,FRA,
YR1987,FRO,
YR1987,FSM,
YR1987,GAB,
YR1987,GBR,
YR1987,GEO,
YR1987,GHA,
YR1987,GIB,
YR1987,GIN,
YR1987,GMB,
YR1987,GNB,
YR1987,GNQ,
YR1987,GRC,
YR1987,GRD,
YR1987,GRL,
YR1987,GTM,
YR1987,GUM,
YR1987,GUY,
YR1987,HKG,
YR1987,HND,
YR1987,HRV,
YR1987,HTI,
YR1987,HUN,
YR1987,IDN,
YR1987,IMN,
YR1987,IND,
YR1987,IRL,
YR1987,IRN,
YR1987,IRQ,
YR1987,ISL,
YR1987,ISR,
YR1987,ITA,
YR1987,JAM,
YR1987,JOR,
YR1987,JPN,
YR1987,KAZ,
YR1987,KEN,
YR1987,KGZ,
YR1987,KHM,
YR1987,KIR,
YR1987,KNA,
YR1987,KOR,
YR1987,KWT,
YR1987,LAO,
YR1987,LBN,
YR1987,LBR,
YR1987,LBY,
YR1987,LCA,
YR1987,LIE,
YR1987,LKA,
YR1987,LSO,
YR1987,LTU,
YR1987,LUX,
YR1987,LVA,
YR1987,MAC,
YR1987,MAF,
YR1987,MAR,
YR1987,MCO,
YR1987,MDA,
YR1987,MDG,
YR1987,MDV,
YR1987,MEX,
YR1987,MHL,
YR1987,MKD,
YR1987,MLI,
YR1987,MLT,
YR1987,MMR,
YR1987,MNE,
YR1987,MNG,
YR1987,MNP,
YR1987,MOZ,
YR1987,MRT,
YR1987,MUS,
YR1987,MWI,0.376630008220673
YR1987,MYS,
YR1987,NAM,
YR1987,NCL,
YR1987,NER,
YR1987,NGA,
YR1987,NIC,
YR1987,NLD,
YR1987,NOR,
YR1987,NPL,
YR1987,NRU,
YR1987,NZL,
YR1987,OMN,
YR1987,PAK,
YR1987,PAN,
YR1987,PER,
YR1987,PHL,
YR1987,PLW,
YR1987,PNG,
YR1987,POL,
YR1987,PRI,
YR1987,PRK,
YR1987,PRT,
YR1987,PRY,
YR1987,PSE,
YR1987,PYF,
YR1987,QAT,
YR1987,ROU,
YR1987,RUS,
YR1987,RWA,
YR1987,SAU,
YR1987,SDN,
YR1987,SEN,
YR1987,SGP,
YR1987,SLB,
YR1987,SLE,
YR1987,SLV,
YR1987,SMR,
YR1987,SOM,
YR1987,SRB,
YR1987,SSD,
YR1987,STP,
YR1987,SUR,
YR1987,SVK,
YR1987,SVN,
YR1987,SWE,17.1944999694824
YR1987,SWZ,
YR1987,SXM,
YR1987,SYC,4.71673011779785
YR1987,SYR,
YR1987,TCA,
YR1987,TCD,
YR1987,TGO,
YR1987,THA,
YR1987,TJK,
YR1987,TKM,
YR1987,TLS,
YR1987,TON,
YR1987,TTO,
YR1987,TUN,
YR1987,TUR,
YR1987,TUV,
YR1987,TZA,
YR1987,UGA,
YR1987,UKR,
YR1987,URY,
YR1987,USA,
YR1987,UZB,
YR1987,VCT,
YR1987,VEN,
YR1987,VGB,
YR1987,VIR,
YR1987,VNM,
YR1987,VUT,
YR1987,WSM,
YR1987,XKX,
YR1987,YEM,
YR1987,ZAF,
YR1987,ZMB,
YR1987,ZWE,
YR1988,ABW,
YR1988,AFG,
YR1988,AGO,
YR1988,ALB,
YR1988,AND,
YR1988,ARE,
YR1988,ARG,
YR1988,ARM,
YR1988,ASM,
YR1988,ATG,
YR1988,AUS,
YR1988,AUT,
YR1988,AZE,
YR1988,BDI,
YR1988,BEL,
YR1988,BEN,
YR1988,BFA,
YR1988,BGD,
YR1988,BGR,
YR1988,BHR,
YR1988,BHS,
YR1988,BIH,
YR1988,BLR,
YR1988,BLZ,
YR1988,BMU,
YR1988,BOL,
YR1988,BRA,
YR1988,BRB,
YR1988,BRN,
YR1988,BTN,
YR1988,BWA,
YR1988,CAF,2.07482004165649
YR1988,CAN,
YR1988,CHE,
YR1988,CHI,
YR1988,CHL,
YR1988,CHN,
YR1988,CIV,8.69999980926514
YR1988,CMR,
YR1988,COD,
YR1988,COG,
YR1988,COL,
YR1988,COM,
YR1988,CPV,
YR1988,CRI,
YR1988,CUB,
YR1988,CUW,
YR1988,CYM,
YR1988,CYP,
YR1988,CZE,
YR1988,DEU,
YR1988,DJI,
YR1988,DMA,
YR1988,DNK,
YR1988,DOM,
YR1988,DZA,
YR1988,ECU,
YR1988,EGY,
YR1988,ERI,
YR1988,ESP,
YR1988,EST,
YR1988,ETH,
YR1988,FIN,
YR1988,FJI,
YR1988,FRA,
YR1988,FRO,
YR1988,FSM,
YR1988,GAB,
YR1988,GBR,
YR1988,GEO,
YR1988,GHA,
YR1988,GIB,
YR1988,GIN,
YR1988,GMB,
YR1988,GNB,
YR1988,GNQ,
YR1988,GRC,
YR1988,GRD,
YR1988,GRL,
YR1988,GTM,
YR1988,GUM,
YR1988,GUY,
YR1988,HKG,
YR1988,HND,
YR1988,HRV,
YR1988,HTI,
YR1988,HUN,
YR1988,IDN,
YR1988,IMN,
YR1988,IND,
YR1988,IRL,
YR1988,IRN,
YR1988,IRQ,
YR1988,ISL,
YR1988,ISR,
YR1988,ITA,
YR1988,JAM,
YR1988,JOR,
YR1988,JPN,
YR1988,KAZ,
YR1988,KEN,
YR1988,KGZ,
YR1988,KHM,
YR1988,KIR,
YR1988,KNA,
YR1988,KOR,
YR1988,KWT,16.3858604431152
YR1988,LAO,
YR1988,LBN,
YR1988,LBR,
YR1988,LBY,
YR1988,LCA,
YR1988,LIE,
YR1988,LKA,
YR1988,LSO,
YR1988,LTU,
YR1988,LUX,
YR1988,LVA,
YR1988,MAC,
YR1988,MAF,
YR1988,MAR,
YR1988,MCO,
YR1988,MDA,
YR1988,MDG,
YR1988,MDV,
YR1988,MEX,
YR1988,MHL,
YR1988,MKD,
YR1988,MLI,
YR1988,MLT,
YR1988,MMR,
YR1988,MNE,
YR1988,MNG,
YR1988,MNP,
YR1988,MOZ,
YR1988,MRT,1.29999995231628
YR1988,MUS,
YR1988,MWI,
YR1988,MYS,
YR1988,NAM,
YR1988,NCL,
YR1988,NER,
YR1988,NGA,
YR1988,NIC,
YR1988,NLD,
YR1988,NOR,
YR1988,NPL,
YR1988,NRU,
YR1988,NZL,
YR1988,OMN,
YR1988,PAK,
YR1988,PAN,
YR1988,PER,
YR1988,PHL,
YR1988,PLW,
YR1988,PNG,
YR1988,POL,7.87414979934692
YR1988,PRI,
YR1988,PRK,
YR1988,PRT,
YR1988,PRY,
YR1988,PSE,
YR1988,PYF,
YR1988,QAT,
YR1988,ROU,
YR1988,RUS,
YR1988,RWA,
YR1988,SAU,
YR1988,SDN,
YR1988,SEN,
YR1988,SGP,
YR1988,SLB,
YR1988,SLE,
YR1988,SLV,
YR1988,SMR,
YR1988,SOM,
YR1988,SRB,
YR1988,SSD,
YR1988,STP,
YR1988,SUR,
YR1988,SVK,
YR1988,SVN,
YR1988,SWE,17.6466808319092
YR1988,SWZ,
YR1988,SXM,
YR1988,SYC,
YR1988,SYR,
YR1988,TCA,
YR1988,TCD,
YR1988,TGO,
YR1988,THA,
YR1988,TJK,
YR1988,TKM,
YR1988,TLS,
YR1988,TON,
YR1988,TTO,
YR1988,TUN,
YR1988,TUR,
YR1988,TUV,
YR1988,TZA,
YR1988,UGA,
YR1988,UKR,
YR1988,URY,
YR1988,USA,
YR1988,UZB,
YR1988,VCT,
YR1988,VEN,
YR1988,VGB,
YR1988,VIR,
YR1988,VNM,
YR1988,VUT,
YR1988,WSM,
YR1988,XKX,
YR1988,YEM,
YR1988,ZAF,
YR1988,ZMB,
YR1988,ZWE,
YR1989,ABW,
YR1989,AFG,
YR1989,AGO,
YR1989,ALB,
YR1989,AND,
YR1989,ARE,
YR1989,ARG,
YR1989,ARM,
YR1989,ASM,
YR1989,ATG,
YR1989,AUS,
YR1989,AUT,
YR1989,AZE,
YR1989,BDI,
YR1989,BEL,
YR1989,BEN,
YR1989,BFA,
YR1989,BGD,
YR1989,BGR,
YR1989,BHR,
YR1989,BHS,
YR1989,BIH,
YR1989,BLR,12.5125102996826
YR1989,BLZ,
YR1989,BMU,
YR1989,BOL,
YR1989,BRA,
YR1989,BRB,
YR1989,BRN,
YR1989,BTN,
YR1989,BWA,
YR1989,CAF,
YR1989,CAN,
YR1989,CHE,
YR1989,CHI,
YR1989,CHL,
YR1989,CHN,
YR1989,CIV,
YR1989,CMR,
YR1989,COD,
YR1989,COG,
YR1989,COL,
YR1989,COM,
YR1989,CPV,
YR1989,CRI,
YR1989,CUB,
YR1989,CUW,
YR1989,CYM,14.115650177002
YR1989,CYP,
YR1989,CZE,
YR1989,DEU,
YR1989,DJI,
YR1989,DMA,
YR1989,DNK,
YR1989,DOM,
YR1989,DZA,
YR1989,ECU,
YR1989,EGY,
YR1989,ERI,
YR1989,ESP,
YR1989,EST,13.6999998092651
YR1989,ETH,
YR1989,FIN,
YR1989,FJI,
YR1989,FRA,
YR1989,FRO,
YR1989,FSM,
YR1989,GAB,
YR1989,GBR,
YR1989,GEO,
YR1989,GHA,
YR1989,GIB,
YR1989,GIN,
YR1989,GMB,
YR1989,GNB,
YR1989,GNQ,
YR1989,GRC,
YR1989,GRD,
YR1989,GRL,
YR1989,GTM,
YR1989,GUM,
YR1989,GUY,
YR1989,HKG,
YR1989,HND,
YR1989,HRV,
YR1989,HTI,
YR1989,HUN,
YR1989,IDN,
YR1989,IMN,
YR1989,IND,
YR1989,IRL,
YR1989,IRN,
YR1989,IRQ,
YR1989,ISL,
YR1989,ISR,
YR1989,ITA,
YR1989,JAM,
YR1989,JOR,
YR1989,JPN,
YR1989,KAZ,12.3999996185303
YR1989,KEN,
YR1989,KGZ,
YR1989,KHM,
YR1989,KIR,
YR1989,KNA,
YR1989,KOR,
YR1989,KWT,
YR1989,LAO,
YR1989,LBN,
YR1989,LBR,
YR1989,LBY,
YR1989,LCA,
YR1989,LIE,
YR1989,LKA,
YR1989,LSO,
YR1989,LTU,12.6090602874756
YR1989,LUX,
YR1989,LVA,13.3691997528076
YR1989,MAC,
YR1989,MAF,
YR1989,MAR,
YR1989,MCO,
YR1989,MDA,11.3000001907349
YR1989,MDG,
YR1989,MDV,
YR1989,MEX,
YR1989,MHL,
YR1989,MKD,
YR1989,MLI,
YR1989,MLT,
YR1989,MMR,
YR1989,MNE,
YR1989,MNG,
YR1989,MNP,
YR1989,MOZ,
YR1989,MRT,
YR1989,MUS,
YR1989,MWI,
YR1989,MYS,
YR1989,NAM,
YR1989,NCL,
YR1989,NER,
YR1989,NGA,
YR1989,NIC,
YR1989,NLD,
YR1989,NOR,
YR1989,NPL,
YR1989,NRU,
YR1989,NZL,
YR1989,OMN,
YR1989,PAK,
YR1989,PAN,
YR1989,PER,
YR1989,PHL,
YR1989,PLW,
YR1989,PNG,
YR1989,POL,
YR1989,PRI,
YR1989,PRK,
YR1989,PRT,
YR1989,PRY,
YR1989,PSE,
YR1989,PYF,
YR1989,QAT,
YR1989,ROU,
YR1989,RUS,14.1000003814697
YR1989,RWA,
YR1989,SAU,
YR1989,SDN,
YR1989,SEN,
YR1989,SGP,
YR1989,SLB,
YR1989,SLE,
YR1989,SLV,
YR1989,SMR,
YR1989,SOM,
YR1989,SRB,
YR1989,SSD,
YR1989,STP,
YR1989,SUR,
YR1989,SVK,
YR1989,SVN,
YR1989,SWE,18.0743408203125
YR1989,SWZ,
YR1989,SXM,
YR1989,SYC,
YR1989,SYR,
YR1989,TCA,
YR1989,TCD,
YR1989,TGO,
YR1989,THA,
YR1989,TJK,11.6999998092651
YR1989,TKM,
YR1989,TLS,
YR1989,TON,
YR1989,TTO,
YR1989,TUN,
YR1989,TUR,
YR1989,TUV,
YR1989,TZA,
YR1989,UGA,
YR1989,UKR,
YR1989,URY,
YR1989,USA,
YR1989,UZB,
YR1989,VCT,
YR1989,VEN,
YR1989,VGB,
YR1989,VIR,
YR1989,VNM,2.63298010826111
YR1989,VUT,
YR1989,WSM,
YR1989,XKX,
YR1989,YEM,
YR1989,ZAF,
YR1989,ZMB,
YR1989,ZWE,
YR1990,ABW,
YR1990,AFG,
YR1990,AGO,
YR1990,ALB,
YR1990,AND,
YR1990,ARE,
YR1990,ARG,
YR1990,ARM,
YR1990,ASM,22.6000003814697
YR1990,ATG,
YR1990,AUS,
YR1990,AUT,
YR1990,AZE,
YR1990,BDI,0.59622997045517
YR1990,BEL,
YR1990,BEN,
YR1990,BFA,
YR1990,BGD,
YR1990,BGR,
YR1990,BHR,
YR1990,BHS,13.468150138855
YR1990,BIH,
YR1990,BLR,
YR1990,BLZ,
YR1990,BMU,
YR1990,BOL,
YR1990,BRA,
YR1990,BRB,
YR1990,BRN,
YR1990,BTN,
YR1990,BWA,
YR1990,CAF,
YR1990,CAN,
YR1990,CHE,
YR1990,CHI,
YR1990,CHL,
YR1990,CHN,2.0
YR1990,CIV,
YR1990,CMR,
YR1990,COD,
YR1990,COG,
YR1990,COL,
YR1990,COM,
YR1990,CPV,
YR1990,CRI,
YR1990,CUB,
YR1990,CUW,
YR1990,CYM,
YR1990,CYP,
YR1990,CZE,
YR1990,DEU,
YR1990,DJI,
YR1990,DMA,
YR1990,DNK,
YR1990,DOM,
YR1990,DZA,
YR1990,ECU,15.7372999191284
YR1990,EGY,
YR1990,ERI,
YR1990,ESP,
YR1990,EST,
YR1990,ETH,
YR1990,FIN,15.3638401031494
YR1990,FJI,
YR1990,FRA,11.4315395355225
YR1990,FRO,
YR1990,FSM,
YR1990,GAB,
YR1990,GBR,
YR1990,GEO,
YR1990,GHA,
YR1990,GIB,
YR1990,GIN,
YR1990,GMB,
YR1990,GNB,
YR1990,GNQ,
YR1990,GRC,
YR1990,GRD,
YR1990,GRL,
YR1990,GTM,
YR1990,GUM,39.9256591796875
YR1990,GUY,
YR1990,HKG,
YR1990,HND,
YR1990,HRV,
YR1990,HTI,
YR1990,HUN,10.1024904251099
YR1990,IDN,2.32263994216919
YR1990,IMN,
YR1990,IND,
YR1990,IRL,
YR1990,IRN,
YR1990,IRQ,
YR1990,ISL,
YR1990,ISR,
YR1990,ITA,
YR1990,JAM,
YR1990,JOR,
YR1990,JPN,21.1348896026611
YR1990,KAZ,
YR1990,KEN,
YR1990,KGZ,
YR1990,KHM,
YR1990,KIR,
YR1990,KNA,
YR1990,KOR,13.3999996185303
YR1990,KWT,
YR1990,LAO,
YR1990,LBN,
YR1990,LBR,
YR1990,LBY,
YR1990,LCA,
YR1990,LIE,
YR1990,LKA,
YR1990,LSO,
YR1990,LTU,
YR1990,LUX,
YR1990,LVA,
YR1990,MAC,
YR1990,MAF,
YR1990,MAR,
YR1990,MCO,
YR1990,MDA,
YR1990,MDG,
YR1990,MDV,
YR1990,MEX,9.16987991333008
YR1990,MHL,
YR1990,MKD,
YR1990,MLI,
YR1990,MLT,
YR1990,MMR,
YR1990,MNE,
YR1990,MNG,
YR1990,MNP,
YR1990,MOZ,
YR1990,MRT,
YR1990,MUS,1.89999997615814
YR1990,MWI,
YR1990,MYS,
YR1990,NAM,
YR1990,NCL,
YR1990,NER,
YR1990,NGA,
YR1990,NIC,
YR1990,NLD,
YR1990,NOR,18.3778190612793
YR1990,NPL,
YR1990,NRU,
YR1990,NZL,
YR1990,OMN,
YR1990,PAK,
YR1990,PAN,13.736439704895
YR1990,PER,
YR1990,PHL,18.7939701080322
YR1990,PLW,
YR1990,PNG,
YR1990,POL,
YR1990,PRI,28.6630897521973
YR1990,PRK,
YR1990,PRT,
YR1990,PRY,
YR1990,PSE,
YR1990,PYF,
YR1990,QAT,
YR1990,ROU,
YR1990,RUS,
YR1990,RWA,
YR1990,SAU,
YR1990,SDN,
YR1990,SEN,
YR1990,SGP,4.73380994796753
YR1990,SLB,
YR1990,SLE,
YR1990,SLV,
YR1990,SMR,
YR1990,SOM,
YR1990,SRB,
YR1990,SSD,
YR1990,STP,
YR1990,SUR,
YR1990,SVK,
YR1990,SVN,
YR1990,SWE,18.9686908721924
YR1990,SWZ,
YR1990,SXM,
YR1990,SYC,
YR1990,SYR,
YR1990,TCA,
YR1990,TCD,
YR1990,TGO,
YR1990,THA,
YR1990,TJK,
YR1990,TKM,
YR1990,TLS,
YR1990,TON,
YR1990,TTO,3.52938008308411
YR1990,TUN,
YR1990,TUR,
YR1990,TUV,
YR1990,TZA,
YR1990,UGA,
YR1990,UKR,
YR1990,URY,
YR1990,USA,45.2398109436035
YR1990,UZB,
YR1990,VCT,
YR1990,VEN,11.776909828186
YR1990,VGB,
YR1990,VIR,
YR1990,VNM,
YR1990,VUT,
YR1990,WSM,
YR1990,XKX,
YR1990,YEM,
YR1990,ZAF,
YR1990,ZMB,0.286779999732971
YR1990,ZWE,
YR1991,ABW,7.18651008605957
YR1991,AFG,
YR1991,AGO,
YR1991,ALB,
YR1991,AND,
YR1991,ARE,
YR1991,ARG,12.0099096298218
YR1991,ARM,
YR1991,ASM,
YR1991,ATG,
YR1991,AUS,
YR1991,AUT,6.10451984405518
YR1991,AZE,
YR1991,BDI,
YR1991,BEL,
YR1991,BEN,
YR1991,BFA,
YR1991,BGD,
YR1991,BGR,
YR1991,BHR,10.3000001907349
YR1991,BHS,
YR1991,BIH,
YR1991,BLR,
YR1991,BLZ,6.69950008392334
YR1991,BMU,18.3646697998047
YR1991,BOL,
YR1991,BRA,
YR1991,BRB,
YR1991,BRN,
YR1991,BTN,
YR1991,BWA,
YR1991,CAF,
YR1991,CAN,21.5301895141602
YR1991,CHE,
YR1991,CHI,
YR1991,CHL,
YR1991,CHN,
YR1991,CIV,
YR1991,CMR,
YR1991,COD,
YR1991,COG,
YR1991,COL,
YR1991,COM,
YR1991,CPV,
YR1991,CRI,
YR1991,CUB,
YR1991,CUW,
YR1991,CYM,
YR1991,CYP,
YR1991,CZE,8.60324001312256
YR1991,DEU,
YR1991,DJI,
YR1991,DMA,
YR1991,DNK,19.6210899353027
YR1991,DOM,
YR1991,DZA,
YR1991,ECU,
YR1991,EGY,
YR1991,ERI,
YR1991,ESP,8.44641017913818
YR1991,EST,
YR1991,ETH,
YR1991,FIN,
YR1991,FJI,
YR1991,FRA,
YR1991,FRO,
YR1991,FSM,
YR1991,GAB,
YR1991,GBR,
YR1991,GEO,
YR1991,GHA,
YR1991,GIB,
YR1991,GIN,
YR1991,GMB,
YR1991,GNB,
YR1991,GNQ,
YR1991,GRC,8.69999980926514
YR1991,GRD,
YR1991,GRL,
YR1991,GTM,
YR1991,GUM,
YR1991,GUY,
YR1991,HKG,10.6254196166992
YR1991,HND,
YR1991,HRV,6.41926002502441
YR1991,HTI,
YR1991,HUN,
YR1991,IDN,
YR1991,IMN,
YR1991,IND,
YR1991,IRL,13.5577697753906
YR1991,IRN,
YR1991,IRQ,
YR1991,ISL,
YR1991,ISR,
YR1991,ITA,
YR1991,JAM,2.70557999610901
YR1991,JOR,
YR1991,JPN,
YR1991,KAZ,
YR1991,KEN,
YR1991,KGZ,
YR1991,KHM,
YR1991,KIR,
YR1991,KNA,
YR1991,KOR,
YR1991,KWT,
YR1991,LAO,
YR1991,LBN,
YR1991,LBR,
YR1991,LBY,
YR1991,LCA,3.40267992019653
YR1991,LIE,
YR1991,LKA,
YR1991,LSO,
YR1991,LTU,
YR1991,LUX,11.9237003326416
YR1991,LVA,
YR1991,MAC,5.948890209198
YR1991,MAF,
YR1991,MAR,
YR1991,MCO,
YR1991,MDA,
YR1991,MDG,
YR1991,MDV,
YR1991,MEX,
YR1991,MHL,
YR1991,MKD,
YR1991,MLI,
YR1991,MLT,
YR1991,MMR,
YR1991,MNE,
YR1991,MNG,
YR1991,MNP,
YR1991,MOZ,
YR1991,MRT,
YR1991,MUS,
YR1991,MWI,
YR1991,MYS,
YR1991,NAM,4.12797021865845
YR1991,NCL,
YR1991,NER,
YR1991,NGA,
YR1991,NIC,
YR1991,NLD,
YR1991,NOR,
YR1991,NPL,
YR1991,NRU,
YR1991,NZL,39.0999984741211
YR1991,OMN,
YR1991,PAK,
YR1991,PAN,
YR1991,PER,
YR1991,PHL,
YR1991,PLW,
YR1991,PNG,
YR1991,POL,
YR1991,PRI,
YR1991,PRK,
YR1991,PRT,7.66812992095947
YR1991,PRY,
YR1991,PSE,
YR1991,PYF,
YR1991,QAT,
YR1991,ROU,
YR1991,RUS,
YR1991,RWA,
YR1991,SAU,
YR1991,SDN,
YR1991,SEN,
YR1991,SGP,
YR1991,SLB,
YR1991,SLE,
YR1991,SLV,
YR1991,SMR,
YR1991,SOM,
YR1991,SRB,
YR1991,SSD,
YR1991,STP,
YR1991,SUR,
YR1991,SVK,9.59595966339111
YR1991,SVN,10.5476703643799
YR1991,SWE,19.3346195220947
YR1991,SWZ,
YR1991,SXM,
YR1991,SYC,
YR1991,SYR,
YR1991,TCA,
YR1991,TCD,
YR1991,TGO,
YR1991,THA,
YR1991,TJK,
YR1991,TKM,
YR1991,TLS,
YR1991,TON,
YR1991,TTO,
YR1991,TUN,
YR1991,TUR,
YR1991,TUV,7.31819009780884
YR1991,TZA,
YR1991,UGA,0.507300019264221
YR1991,UKR,
YR1991,URY,
YR1991,USA,
YR1991,UZB,
YR1991,VCT,
YR1991,VEN,
YR1991,VGB,13.7569103240967
YR1991,VIR,
YR1991,VNM,
YR1991,VUT,
YR1991,WSM,
YR1991,XKX,
YR1991,YEM,
YR1991,ZAF,
YR1991,ZMB,
YR1991,ZWE,
YR1992,ABW,
YR1992,AFG,
YR1992,AGO,
YR1992,ALB,
YR1992,AND,
YR1992,ARE,
YR1992,ARG,
YR1992,ARM,
YR1992,ASM,
YR1992,ATG,
YR1992,AUS,
YR1992,AUT,
YR1992,AZE,
YR1992,BDI,
YR1992,BEL,
YR1992,BEN,1.30313003063202
YR1992,BFA,
YR1992,BGD,
YR1992,BGR,15.0391302108765
YR1992,BHR,
YR1992,BHS,
YR1992,BIH,
YR1992,BLR,
YR1992,BLZ,
YR1992,BMU,
YR1992,BOL,10.8433704376221
YR1992,BRA,
YR1992,BRB,
YR1992,BRN,
YR1992,BTN,
YR1992,BWA,
YR1992,CAF,
YR1992,CAN,
YR1992,CHE,
YR1992,CHI,
YR1992,CHL,
YR1992,CHN,
YR1992,CIV,
YR1992,CMR,
YR1992,COD,
YR1992,COG,
YR1992,COL,
YR1992,COM,
YR1992,CPV,
YR1992,CRI,
YR1992,CUB,
YR1992,CUW,
YR1992,CYM,
YR1992,CYP,17.0170192718506
YR1992,CZE,
YR1992,DEU,
YR1992,DJI,
YR1992,DMA,
YR1992,DNK,
YR1992,DOM,
YR1992,DZA,
YR1992,ECU,
YR1992,EGY,
YR1992,ERI,
YR1992,ESP,
YR1992,EST,
YR1992,ETH,
YR1992,FIN,
YR1992,FJI,
YR1992,FRA,
YR1992,FRO,
YR1992,FSM,
YR1992,GAB,
YR1992,GBR,
YR1992,GEO,
YR1992,GHA,
YR1992,GIB,
YR1992,GIN,
YR1992,GMB,
YR1992,GNB,
YR1992,GNQ,
YR1992,GRC,
YR1992,GRD,
YR1992,GRL,
YR1992,GTM,
YR1992,GUM,
YR1992,GUY,
YR1992,HKG,
YR1992,HND,
YR1992,HRV,
YR1992,HTI,
YR1992,HUN,
YR1992,IDN,
YR1992,IMN,
YR1992,IND,
YR1992,IRL,
YR1992,IRN,
YR1992,IRQ,
YR1992,ISL,
YR1992,ISR,
YR1992,ITA,
YR1992,JAM,
YR1992,JOR,
YR1992,JPN,
YR1992,KAZ,
YR1992,KEN,
YR1992,KGZ,
YR1992,KHM,
YR1992,KIR,
YR1992,KNA,
YR1992,KOR,
YR1992,KWT,
YR1992,LAO,
YR1992,LBN,
YR1992,LBR,
YR1992,LBY,
YR1992,LCA,
YR1992,LIE,
YR1992,LKA,
YR1992,LSO,
YR1992,LTU,
YR1992,LUX,
YR1992,LVA,
YR1992,MAC,
YR1992,MAF,
YR1992,MAR,
YR1992,MCO,
YR1992,MDA,
YR1992,MDG,
YR1992,MDV,
YR1992,MEX,
YR1992,MHL,
YR1992,MKD,
YR1992,MLI,
YR1992,MLT,
YR1992,MMR,
YR1992,MNE,
YR1992,MNG,
YR1992,MNP,
YR1992,MOZ,
YR1992,MRT,
YR1992,MUS,
YR1992,MWI,
YR1992,MYS,
YR1992,NAM,
YR1992,NCL,
YR1992,NER,
YR1992,NGA,
YR1992,NIC,
YR1992,NLD,
YR1992,NOR,
YR1992,NPL,
YR1992,NRU,
YR1992,NZL,
YR1992,OMN,
YR1992,PAK,
YR1992,PAN,
YR1992,PER,
YR1992,PHL,
YR1992,PLW,
YR1992,PNG,
YR1992,POL,
YR1992,PRI,
YR1992,PRK,
YR1992,PRT,
YR1992,PRY,7.5485200881958
YR1992,PSE,
YR1992,PYF,
YR1992,QAT,
YR1992,ROU,6.93040990829468
YR1992,RUS,
YR1992,RWA,
YR1992,SAU,
YR1992,SDN,
YR1992,SEN,
YR1992,SGP,
YR1992,SLB,
YR1992,SLE,
YR1992,SLV,6.44245004653931
YR1992,SMR,
YR1992,SOM,
YR1992,SRB,
YR1992,SSD,
YR1992,STP,
YR1992,SUR,
YR1992,SVK,
YR1992,SVN,
YR1992,SWE,20.986759185791
YR1992,SWZ,
YR1992,SXM,
YR1992,SYC,
YR1992,SYR,
YR1992,TCA,
YR1992,TCD,
YR1992,TGO,
YR1992,THA,
YR1992,TJK,
YR1992,TKM,
YR1992,TLS,
YR1992,TON,
YR1992,TTO,
YR1992,TUN,
YR1992,TUR,
YR1992,TUV,
YR1992,TZA,
YR1992,UGA,
YR1992,UKR,
YR1992,URY,
YR1992,USA,
YR1992,UZB,
YR1992,VCT,
YR1992,VEN,
YR1992,VGB,
YR1992,VIR,
YR1992,VNM,
YR1992,VUT,
YR1992,WSM,
YR1992,XKX,
YR1992,YEM,
YR1992,ZAF,
YR1992,ZMB,
YR1992,ZWE,4.87665987014771
YR1993,ABW,
YR1993,AFG,
YR1993,AGO,
YR1993,ALB,
YR1993,AND,
YR1993,ARE,
YR1993,ARG,
YR1993,ARM,
YR1993,ASM,
YR1993,ATG,
YR1993,AUS,
YR1993,AUT,
YR1993,AZE,
YR1993,BDI,
YR1993,BEL,
YR1993,BEN,
YR1993,BFA,
YR1993,BGD,
YR1993,BGR,
YR1993,BHR,
YR1993,BHS,
YR1993,BIH,
YR1993,BLR,
YR1993,BLZ,
YR1993,BMU,
YR1993,BOL,
YR1993,BRA,
YR1993,BRB,
YR1993,BRN,
YR1993,BTN,
YR1993,BWA,
YR1993,CAF,
YR1993,CAN,
YR1993,CHE,
YR1993,CHI,
YR1993,CHL,
YR1993,CHN,
YR1993,CIV,
YR1993,CMR,
YR1993,COD,
YR1993,COG,
YR1993,COL,10.5961999893188
YR1993,COM,
YR1993,CPV,
YR1993,CRI,
YR1993,CUB,
YR1993,CUW,
YR1993,CYM,
YR1993,CYP,
YR1993,CZE,
YR1993,DEU,
YR1993,DJI,
YR1993,DMA,
YR1993,DNK,
YR1993,DOM,
YR1993,DZA,
YR1993,ECU,
YR1993,EGY,
YR1993,ERI,
YR1993,ESP,
YR1993,EST,
YR1993,ETH,
YR1993,FIN,
YR1993,FJI,
YR1993,FRA,
YR1993,FRO,
YR1993,FSM,
YR1993,GAB,
YR1993,GBR,
YR1993,GEO,
YR1993,GHA,
YR1993,GIB,
YR1993,GIN,
YR1993,GMB,
YR1993,GNB,
YR1993,GNQ,
YR1993,GRC,
YR1993,GRD,
YR1993,GRL,
YR1993,GTM,
YR1993,GUM,
YR1993,GUY,
YR1993,HKG,
YR1993,HND,
YR1993,HRV,
YR1993,HTI,
YR1993,HUN,
YR1993,IDN,
YR1993,IMN,
YR1993,IND,
YR1993,IRL,
YR1993,IRN,
YR1993,IRQ,
YR1993,ISL,
YR1993,ISR,
YR1993,ITA,
YR1993,JAM,
YR1993,JOR,
YR1993,JPN,
YR1993,KAZ,
YR1993,KEN,
YR1993,KGZ,
YR1993,KHM,
YR1993,KIR,
YR1993,KNA,
YR1993,KOR,
YR1993,KWT,
YR1993,LAO,
YR1993,LBN,
YR1993,LBR,
YR1993,LBY,
YR1993,LCA,
YR1993,LIE,
YR1993,LKA,
YR1993,LSO,
YR1993,LTU,
YR1993,LUX,
YR1993,LVA,
YR1993,MAC,
YR1993,MAF,
YR1993,MAR,
YR1993,MCO,
YR1993,MDA,
YR1993,MDG,
YR1993,MDV,
YR1993,MEX,
YR1993,MHL,
YR1993,MKD,
YR1993,MLI,
YR1993,MLT,
YR1993,MMR,
YR1993,MNE,
YR1993,MNG,
YR1993,MNP,
YR1993,MOZ,
YR1993,MRT,
YR1993,MUS,
YR1993,MWI,
YR1993,MYS,
YR1993,NAM,
YR1993,NCL,
YR1993,NER,
YR1993,NGA,
YR1993,NIC,
YR1993,NLD,
YR1993,NOR,
YR1993,NPL,
YR1993,NRU,
YR1993,NZL,
YR1993,OMN,
YR1993,PAK,
YR1993,PAN,
YR1993,PER,20.7489891052246
YR1993,PHL,
YR1993,PLW,
YR1993,PNG,
YR1993,POL,
YR1993,PRI,
YR1993,PRK,
YR1993,PRT,
YR1993,PRY,
YR1993,PSE,
YR1993,PYF,
YR1993,QAT,
YR1993,ROU,
YR1993,RUS,
YR1993,RWA,
YR1993,SAU,
YR1993,SDN,
YR1993,SEN,
YR1993,SGP,
YR1993,SLB,
YR1993,SLE,
YR1993,SLV,
YR1993,SMR,
YR1993,SOM,
YR1993,SRB,
YR1993,SSD,
YR1993,STP,
YR1993,SUR,
YR1993,SVK,
YR1993,SVN,
YR1993,SWE,21.6585102081299
YR1993,SWZ,
YR1993,SXM,
YR1993,SYC,
YR1993,SYR,
YR1993,TCA,
YR1993,TCD,
YR1993,TGO,
YR1993,THA,
YR1993,TJK,
YR1993,TKM,
YR1993,TLS,
YR1993,TON,
YR1993,TTO,
YR1993,TUN,
YR1993,TUR,
YR1993,TUV,
YR1993,TZA,
YR1993,UGA,
YR1993,UKR,
YR1993,URY,
YR1993,USA,
YR1993,UZB,
YR1993,VCT,
YR1993,VEN,
YR1993,VGB,
YR1993,VIR,
YR1993,VNM,
YR1993,VUT,
YR1993,WSM,
YR1993,XKX,
YR1993,YEM,
YR1993,ZAF,
YR1993,ZMB,
YR1993,ZWE,
YR1994,ABW,
YR1994,AFG,
YR1994,AGO,
YR1994,ALB,
YR1994,AND,
YR1994,ARE,
YR1994,ARG,
YR1994,ARM,
YR1994,ASM,
YR1994,ATG,
YR1994,AUS,
YR1994,AUT,
YR1994,AZE,
YR1994,BDI,
YR1994,BEL,
YR1994,BEN,
YR1994,BFA,
YR1994,BGD,
YR1994,BGR,
YR1994,BHR,
YR1994,BHS,
YR1994,BIH,
YR1994,BLR,
YR1994,BLZ,
YR1994,BMU,
YR1994,BOL,
YR1994,BRA,
YR1994,BRB,
YR1994,BRN,
YR1994,BTN,
YR1994,BWA,
YR1994,CAF,
YR1994,CAN,
YR1994,CHE,
YR1994,CHI,
YR1994,CHL,
YR1994,CHN,
YR1994,CIV,
YR1994,CMR,
YR1994,COD,
YR1994,COG,
YR1994,COL,
YR1994,COM,
YR1994,CPV,
YR1994,CRI,
YR1994,CUB,
YR1994,CUW,
YR1994,CYM,
YR1994,CYP,
YR1994,CZE,
YR1994,DEU,
YR1994,DJI,
YR1994,DMA,
YR1994,DNK,18.936840057373
YR1994,DOM,
YR1994,DZA,
YR1994,ECU,
YR1994,EGY,
YR1994,ERI,
YR1994,ESP,
YR1994,EST,
YR1994,ETH,
YR1994,FIN,
YR1994,FJI,
YR1994,FRA,
YR1994,FRO,
YR1994,FSM,
YR1994,GAB,
YR1994,GBR,
YR1994,GEO,
YR1994,GHA,
YR1994,GIB,
YR1994,GIN,
YR1994,GMB,
YR1994,GNB,
YR1994,GNQ,
YR1994,GRC,
YR1994,GRD,
YR1994,GRL,
YR1994,GTM,
YR1994,GUM,
YR1994,GUY,
YR1994,HKG,
YR1994,HND,
YR1994,HRV,
YR1994,HTI,
YR1994,HUN,
YR1994,IDN,
YR1994,IMN,
YR1994,IND,
YR1994,IRL,
YR1994,IRN,
YR1994,IRQ,
YR1994,ISL,
YR1994,ISR,
YR1994,ITA,
YR1994,JAM,
YR1994,JOR,
YR1994,JPN,
YR1994,KAZ,
YR1994,KEN,
YR1994,KGZ,
YR1994,KHM,
YR1994,KIR,
YR1994,KNA,
YR1994,KOR,
YR1994,KWT,
YR1994,LAO,
YR1994,LBN,
YR1994,LBR,
YR1994,LBY,
YR1994,LCA,
YR1994,LIE,
YR1994,LKA,
YR1994,LSO,
YR1994,LTU,
YR1994,LUX,
YR1994,LVA,
YR1994,MAC,
YR1994,MAF,
YR1994,MAR,
YR1994,MCO,
YR1994,MDA,
YR1994,MDG,
YR1994,MDV,
YR1994,MEX,
YR1994,MHL,
YR1994,MKD,7.16578006744385
YR1994,MLI,
YR1994,MLT,
YR1994,MMR,
YR1994,MNE,
YR1994,MNG,
YR1994,MNP,
YR1994,MOZ,
YR1994,MRT,
YR1994,MUS,
YR1994,MWI,
YR1994,MYS,
YR1994,NAM,
YR1994,NCL,
YR1994,NER,
YR1994,NGA,
YR1994,NIC,
YR1994,NLD,
YR1994,NOR,
YR1994,NPL,
YR1994,NRU,
YR1994,NZL,
YR1994,OMN,
YR1994,PAK,
YR1994,PAN,
YR1994,PER,
YR1994,PHL,
YR1994,PLW,
YR1994,PNG,
YR1994,POL,
YR1994,PRI,
YR1994,PRK,
YR1994,PRT,
YR1994,PRY,
YR1994,PSE,
YR1994,PYF,
YR1994,QAT,
YR1994,ROU,
YR1994,RUS,
YR1994,RWA,
YR1994,SAU,
YR1994,SDN,
YR1994,SEN,
YR1994,SGP,
YR1994,SLB,
YR1994,SLE,
YR1994,SLV,
YR1994,SMR,
YR1994,SOM,
YR1994,SRB,
YR1994,SSD,
YR1994,STP,
YR1994,SUR,
YR1994,SVK,
YR1994,SVN,
YR1994,SWE,22.3307094573975
YR1994,SWZ,
YR1994,SXM,
YR1994,SYC,
YR1994,SYR,
YR1994,TCA,
YR1994,TCD,
YR1994,TGO,
YR1994,THA,
YR1994,TJK,
YR1994,TKM,
YR1994,TLS,
YR1994,TON,
YR1994,TTO,
YR1994,TUN,
YR1994,TUR,
YR1994,TUV,
YR1994,TZA,
YR1994,UGA,
YR1994,UKR,
YR1994,URY,
YR1994,USA,46.5410614013672
YR1994,UZB,
YR1994,VCT,
YR1994,VEN,
YR1994,VGB,
YR1994,VIR,
YR1994,VNM,
YR1994,VUT,
YR1994,WSM,
YR1994,XKX,
YR1994,YEM,
YR1994,ZAF,
YR1994,ZMB,
YR1994,ZWE,
YR1995,ABW,
YR1995,AFG,
YR1995,AGO,
YR1995,ALB,
YR1995,AND,
YR1995,ARE,
YR1995,ARG,
YR1995,ARM,
YR1995,ASM,
YR1995,ATG,
YR1995,AUS,
YR1995,AUT,
YR1995,AZE,
YR1995,BDI,
YR1995,BEL,
YR1995,BEN,
YR1995,BFA,
YR1995,BGD,
YR1995,BGR,
YR1995,BHR,
YR1995,BHS,
YR1995,BIH,
YR1995,BLR,
YR1995,BLZ,
YR1995,BMU,
YR1995,BOL,
YR1995,BRA,
YR1995,BRB,
YR1995,BRN,
YR1995,BTN,
YR1995,BWA,
YR1995,CAF,
YR1995,CAN,
YR1995,CHE,
YR1995,CHI,
YR1995,CHL,
YR1995,CHN,
YR1995,CIV,
YR1995,CMR,
YR1995,COD,
YR1995,COG,
YR1995,COL,
YR1995,COM,
YR1995,CPV,
YR1995,CRI,
YR1995,CUB,
YR1995,CUW,
YR1995,CYM,
YR1995,CYP,
YR1995,CZE,
YR1995,DEU,
YR1995,DJI,
YR1995,DMA,
YR1995,DNK,19.7295207977295
YR1995,DOM,
YR1995,DZA,
YR1995,ECU,
YR1995,EGY,
YR1995,ERI,
YR1995,ESP,
YR1995,EST,
YR1995,ETH,
YR1995,FIN,
YR1995,FJI,
YR1995,FRA,
YR1995,FRO,
YR1995,FSM,
YR1995,GAB,
YR1995,GBR,
YR1995,GEO,
YR1995,GHA,
YR1995,GIB,
YR1995,GIN,
YR1995,GMB,
YR1995,GNB,
YR1995,GNQ,
YR1995,GRC,
YR1995,GRD,
YR1995,GRL,
YR1995,GTM,
YR1995,GUM,
YR1995,GUY,
YR1995,HKG,
YR1995,HND,
YR1995,HRV,
YR1995,HTI,
YR1995,HUN,
YR1995,IDN,
YR1995,IMN,
YR1995,IND,
YR1995,IRL,
YR1995,IRN,
YR1995,IRQ,
YR1995,ISL,
YR1995,ISR,
YR1995,ITA,
YR1995,JAM,
YR1995,JOR,
YR1995,JPN,
YR1995,KAZ,
YR1995,KEN,
YR1995,KGZ,
YR1995,KHM,
YR1995,KIR,
YR1995,KNA,
YR1995,KOR,20.827880859375
YR1995,KWT,
YR1995,LAO,
YR1995,LBN,
YR1995,LBR,
YR1995,LBY,
YR1995,LCA,
YR1995,LIE,
YR1995,LKA,
YR1995,LSO,
YR1995,LTU,
YR1995,LUX,
YR1995,LVA,
YR1995,MAC,
YR1995,MAF,
YR1995,MAR,
YR1995,MCO,
YR1995,MDA,
YR1995,MDG,
YR1995,MDV,
YR1995,MEX,
YR1995,MHL,
YR1995,MKD,
YR1995,MLI,
YR1995,MLT,
YR1995,MMR,
YR1995,MNE,
YR1995,MNG,
YR1995,MNP,
YR1995,MOZ,
YR1995,MRT,
YR1995,MUS,
YR1995,MWI,
YR1995,MYS,
YR1995,NAM,
YR1995,NCL,
YR1995,NER,
YR1995,NGA,
YR1995,NIC,
YR1995,NLD,
YR1995,NOR,
YR1995,NPL,
YR1995,NRU,
YR1995,NZL,
YR1995,OMN,
YR1995,PAK,
YR1995,PAN,
YR1995,PER,
YR1995,PHL,
YR1995,PLW,
YR1995,PNG,
YR1995,POL,
YR1995,PRI,
YR1995,PRK,
YR1995,PRT,
YR1995,PRY,
YR1995,PSE,
YR1995,PYF,
YR1995,QAT,
YR1995,ROU,
YR1995,RUS,
YR1995,RWA,
YR1995,SAU,
YR1995,SDN,
YR1995,SEN,
YR1995,SGP,7.59067010879517
YR1995,SLB,
YR1995,SLE,
YR1995,SLV,
YR1995,SMR,
YR1995,SOM,
YR1995,SRB,
YR1995,SSD,
YR1995,STP,
YR1995,SUR,
YR1995,SVK,
YR1995,SVN,
YR1995,SWE,23.3354606628418
YR1995,SWZ,
YR1995,SXM,
YR1995,SYC,
YR1995,SYR,
YR1995,TCA,
YR1995,TCD,
YR1995,TGO,
YR1995,THA,
YR1995,TJK,
YR1995,TKM,32.2116508483887
YR1995,TLS,
YR1995,TON,
YR1995,TTO,
YR1995,TUN,
YR1995,TUR,
YR1995,TUV,
YR1995,TZA,
YR1995,UGA,
YR1995,UKR,
YR1995,URY,
YR1995,USA,
YR1995,UZB,
YR1995,VCT,
YR1995,VEN,
YR1995,VGB,
YR1995,VIR,
YR1995,VNM,
YR1995,VUT,
YR1995,WSM,
YR1995,XKX,
YR1995,YEM,
YR1995,ZAF,
YR1995,ZMB,
YR1995,ZWE,
YR1996,ABW,
YR1996,AFG,
YR1996,AGO,
YR1996,ALB,
YR1996,AND,
YR1996,ARE,
YR1996,ARG,
YR1996,ARM,
YR1996,ASM,
YR1996,ATG,
YR1996,AUS,
YR1996,AUT,
YR1996,AZE,
YR1996,BDI,
YR1996,BEL,
YR1996,BEN,
YR1996,BFA,
YR1996,BGD,
YR1996,BGR,
YR1996,BHR,
YR1996,BHS,
YR1996,BIH,
YR1996,BLR,
YR1996,BLZ,
YR1996,BMU,
YR1996,BOL,
YR1996,BRA,
YR1996,BRB,
YR1996,BRN,
YR1996,BTN,
YR1996,BWA,
YR1996,CAF,
YR1996,CAN,
YR1996,CHE,
YR1996,CHI,
YR1996,CHL,
YR1996,CHN,
YR1996,CIV,
YR1996,CMR,
YR1996,COD,
YR1996,COG,
YR1996,COL,
YR1996,COM,
YR1996,CPV,
YR1996,CRI,
YR1996,CUB,
YR1996,CUW,
YR1996,CYM,
YR1996,CYP,
YR1996,CZE,
YR1996,DEU,
YR1996,DJI,
YR1996,DMA,
YR1996,DNK,
YR1996,DOM,
YR1996,DZA,
YR1996,ECU,
YR1996,EGY,
YR1996,ERI,
YR1996,ESP,
YR1996,EST,
YR1996,ETH,
YR1996,FIN,
YR1996,FJI,8.57577037811279
YR1996,FRA,
YR1996,FRO,
YR1996,FSM,
YR1996,GAB,
YR1996,GBR,
YR1996,GEO,
YR1996,GHA,
YR1996,GIB,
YR1996,GIN,3.93640995025635
YR1996,GMB,
YR1996,GNB,
YR1996,GNQ,
YR1996,GRC,
YR1996,GRD,
YR1996,GRL,
YR1996,GTM,
YR1996,GUM,
YR1996,GUY,
YR1996,HKG,14.4790802001953
YR1996,HND,
YR1996,HRV,
YR1996,HTI,
YR1996,HUN,
YR1996,IDN,
YR1996,IMN,
YR1996,IND,
YR1996,IRL,
YR1996,IRN,
YR1996,IRQ,
YR1996,ISL,
YR1996,ISR,
YR1996,ITA,
YR1996,JAM,
YR1996,JOR,
YR1996,JPN,
YR1996,KAZ,
YR1996,KEN,
YR1996,KGZ,
YR1996,KHM,
YR1996,KIR,
YR1996,KNA,
YR1996,KOR,
YR1996,KWT,
YR1996,LAO,
YR1996,LBN,
YR1996,LBR,
YR1996,LBY,
YR1996,LCA,
YR1996,LIE,
YR1996,LKA,
YR1996,LSO,
YR1996,LTU,
YR1996,LUX,
YR1996,LVA,
YR1996,MAC,
YR1996,MAF,
YR1996,MAR,
YR1996,MCO,
YR1996,MDA,
YR1996,MDG,
YR1996,MDV,
YR1996,MEX,
YR1996,MHL,
YR1996,MKD,
YR1996,MLI,
YR1996,MLT,
YR1996,MMR,
YR1996,MNE,
YR1996,MNG,
YR1996,MNP,
YR1996,MOZ,
YR1996,MRT,
YR1996,MUS,
YR1996,MWI,
YR1996,MYS,6.84681987762451
YR1996,NAM,
YR1996,NCL,
YR1996,NER,
YR1996,NGA,
YR1996,NIC,
YR1996,NLD,
YR1996,NOR,
YR1996,NPL,
YR1996,NRU,
YR1996,NZL,
YR1996,OMN,
YR1996,PAK,
YR1996,PAN,
YR1996,PER,
YR1996,PHL,
YR1996,PLW,
YR1996,PNG,
YR1996,POL,
YR1996,PRI,
YR1996,PRK,
YR1996,PRT,
YR1996,PRY,
YR1996,PSE,
YR1996,PYF,
YR1996,QAT,
YR1996,ROU,
YR1996,RUS,
YR1996,RWA,
YR1996,SAU,
YR1996,SDN,
YR1996,SEN,
YR1996,SGP,
YR1996,SLB,
YR1996,SLE,
YR1996,SLV,
YR1996,SMR,
YR1996,SOM,
YR1996,SRB,
YR1996,SSD,
YR1996,STP,
YR1996,SUR,
YR1996,SVK,
YR1996,SVN,
YR1996,SWE,
YR1996,SWZ,
YR1996,SXM,
YR1996,SYC,
YR1996,SYR,
YR1996,TCA,
YR1996,TCD,
YR1996,TGO,
YR1996,THA,
YR1996,TJK,
YR1996,TKM,
YR1996,TLS,
YR1996,TON,7.88292980194092
YR1996,TTO,
YR1996,TUN,
YR1996,TUR,
YR1996,TUV,
YR1996,TZA,
YR1996,UGA,
YR1996,UKR,
YR1996,URY,10.211669921875
YR1996,USA,
YR1996,UZB,
YR1996,VCT,
YR1996,VEN,
YR1996,VGB,
YR1996,VIR,
YR1996,VNM,
YR1996,VUT,
YR1996,WSM,
YR1996,XKX,
YR1996,YEM,
YR1996,ZAF,
YR1996,ZMB,
YR1996,ZWE,
YR1997,ABW,
YR1997,AFG,
YR1997,AGO,
YR1997,ALB,
YR1997,AND,
YR1997,ARE,
YR1997,ARG,
YR1997,ARM,
YR1997,ASM,
YR1997,ATG,
YR1997,AUS,
YR1997,AUT,
YR1997,AZE,
YR1997,BDI,
YR1997,BEL,
YR1997,BEN,
YR1997,BFA,
YR1997,BGD,
YR1997,BGR,
YR1997,BHR,
YR1997,BHS,
YR1997,BIH,
YR1997,BLR,
YR1997,BLZ,
YR1997,BMU,
YR1997,BOL,
YR1997,BRA,
YR1997,BRB,
YR1997,BRN,
YR1997,BTN,
YR1997,BWA,
YR1997,CAF,
YR1997,CAN,
YR1997,CHE,
YR1997,CHI,
YR1997,CHL,
YR1997,CHN,
YR1997,CIV,
YR1997,CMR,
YR1997,COD,
YR1997,COG,
YR1997,COL,
YR1997,COM,
YR1997,CPV,
YR1997,CRI,
YR1997,CUB,
YR1997,CUW,
YR1997,CYM,
YR1997,CYP,
YR1997,CZE,
YR1997,DEU,
YR1997,DJI,
YR1997,DMA,
YR1997,DNK,
YR1997,DOM,
YR1997,DZA,
YR1997,ECU,
YR1997,EGY,
YR1997,ERI,
YR1997,ESP,
YR1997,EST,
YR1997,ETH,
YR1997,FIN,
YR1997,FJI,
YR1997,FRA,
YR1997,FRO,
YR1997,FSM,
YR1997,GAB,
YR1997,GBR,
YR1997,GEO,
YR1997,GHA,
YR1997,GIB,
YR1997,GIN,
YR1997,GMB,
YR1997,GNB,
YR1997,GNQ,
YR1997,GRC,
YR1997,GRD,
YR1997,GRL,
YR1997,GTM,
YR1997,GUM,
YR1997,GUY,
YR1997,HKG,
YR1997,HND,
YR1997,HRV,
YR1997,HTI,
YR1997,HUN,
YR1997,IDN,
YR1997,IMN,
YR1997,IND,
YR1997,IRL,
YR1997,IRN,
YR1997,IRQ,
YR1997,ISL,
YR1997,ISR,
YR1997,ITA,
YR1997,JAM,
YR1997,JOR,
YR1997,JPN,
YR1997,KAZ,
YR1997,KEN,
YR1997,KGZ,
YR1997,KHM,
YR1997,KIR,
YR1997,KNA,
YR1997,KOR,
YR1997,KWT,
YR1997,LAO,
YR1997,LBN,
YR1997,LBR,
YR1997,LBY,
YR1997,LCA,
YR1997,LIE,
YR1997,LKA,
YR1997,LSO,
YR1997,LTU,
YR1997,LUX,
YR1997,LVA,
YR1997,MAC,
YR1997,MAF,
YR1997,MAR,
YR1997,MCO,
YR1997,MDA,
YR1997,MDG,
YR1997,MDV,
YR1997,MEX,
YR1997,MHL,
YR1997,MKD,
YR1997,MLI,
YR1997,MLT,
YR1997,MMR,
YR1997,MNE,
YR1997,MNG,
YR1997,MNP,
YR1997,MOZ,
YR1997,MRT,
YR1997,MUS,
YR1997,MWI,
YR1997,MYS,
YR1997,NAM,
YR1997,NCL,
YR1997,NER,
YR1997,NGA,
YR1997,NIC,
YR1997,NLD,
YR1997,NOR,
YR1997,NPL,
YR1997,NRU,
YR1997,NZL,
YR1997,OMN,
YR1997,PAK,
YR1997,PAN,
YR1997,PER,
YR1997,PHL,
YR1997,PLW,
YR1997,PNG,
YR1997,POL,
YR1997,PRI,
YR1997,PRK,
YR1997,PRT,
YR1997,PRY,
YR1997,PSE,
YR1997,PYF,
YR1997,QAT,
YR1997,ROU,
YR1997,RUS,
YR1997,RWA,
YR1997,SAU,
YR1997,SDN,
YR1997,SEN,
YR1997,SGP,
YR1997,SLB,
YR1997,SLE,
YR1997,SLV,
YR1997,SMR,
YR1997,SOM,
YR1997,SRB,
YR1997,SSD,
YR1997,STP,
YR1997,SUR,
YR1997,SVK,
YR1997,SVN,
YR1997,SWE,
YR1997,SWZ,
YR1997,SXM,
YR1997,SYC,
YR1997,SYR,
YR1997,TCA,
YR1997,TCD,
YR1997,TGO,
YR1997,THA,
YR1997,TJK,
YR1997,TKM,
YR1997,TLS,
YR1997,TON,
YR1997,TTO,
YR1997,TUN,
YR1997,TUR,
YR1997,TUV,
YR1997,TZA,
YR1997,UGA,
YR1997,UKR,
YR1997,URY,
YR1997,USA,
YR1997,UZB,
YR1997,VCT,
YR1997,VEN,
YR1997,VGB,
YR1997,VIR,
YR1997,VNM,
YR1997,VUT,
YR1997,WSM,
YR1997,XKX,
YR1997,YEM,
YR1997,ZAF,
YR1997,ZMB,
YR1997,ZWE,
YR1998,ABW,
YR1998,AFG,
YR1998,AGO,
YR1998,ALB,
YR1998,AND,
YR1998,ARE,
YR1998,ARG,
YR1998,ARM,
YR1998,ASM,
YR1998,ATG,
YR1998,AUS,
YR1998,AUT,
YR1998,AZE,
YR1998,BDI,
YR1998,BEL,
YR1998,BEN,
YR1998,BFA,
YR1998,BGD,
YR1998,BGR,
YR1998,BHR,
YR1998,BHS,
YR1998,BIH,
YR1998,BLR,
YR1998,BLZ,
YR1998,BMU,
YR1998,BOL,
YR1998,BRA,
YR1998,BRB,
YR1998,BRN,
YR1998,BTN,
YR1998,BWA,
YR1998,CAF,
YR1998,CAN,
YR1998,CHE,
YR1998,CHI,
YR1998,CHL,
YR1998,CHN,
YR1998,CIV,10.7375602722168
YR1998,CMR,
YR1998,COD,
YR1998,COG,
YR1998,COL,
YR1998,COM,
YR1998,CPV,
YR1998,CRI,
YR1998,CUB,
YR1998,CUW,
YR1998,CYM,
YR1998,CYP,
YR1998,CZE,
YR1998,DEU,
YR1998,DJI,
YR1998,DMA,
YR1998,DNK,
YR1998,DOM,
YR1998,DZA,
YR1998,ECU,
YR1998,EGY,
YR1998,ERI,
YR1998,ESP,
YR1998,EST,
YR1998,ETH,
YR1998,FIN,
YR1998,FJI,
YR1998,FRA,
YR1998,FRO,
YR1998,FSM,
YR1998,GAB,
YR1998,GBR,
YR1998,GEO,
YR1998,GHA,
YR1998,GIB,
YR1998,GIN,
YR1998,GMB,
YR1998,GNB,
YR1998,GNQ,
YR1998,GRC,
YR1998,GRD,
YR1998,GRL,
YR1998,GTM,
YR1998,GUM,
YR1998,GUY,
YR1998,HKG,
YR1998,HND,
YR1998,HRV,
YR1998,HTI,
YR1998,HUN,
YR1998,IDN,
YR1998,IMN,
YR1998,IND,
YR1998,IRL,
YR1998,IRN,
YR1998,IRQ,
YR1998,ISL,
YR1998,ISR,
YR1998,ITA,
YR1998,JAM,
YR1998,JOR,
YR1998,JPN,
YR1998,KAZ,
YR1998,KEN,
YR1998,KGZ,
YR1998,KHM,
YR1998,KIR,
YR1998,KNA,
YR1998,KOR,
YR1998,KWT,
YR1998,LAO,
YR1998,LBN,
YR1998,LBR,
YR1998,LBY,
YR1998,LCA,
YR1998,LIE,
YR1998,LKA,
YR1998,LSO,
YR1998,LTU,
YR1998,LUX,
YR1998,LVA,
YR1998,MAC,
YR1998,MAF,
YR1998,MAR,
YR1998,MCO,
YR1998,MDA,
YR1998,MDG,
YR1998,MDV,
YR1998,MEX,
YR1998,MHL,
YR1998,MKD,
YR1998,MLI,
YR1998,MLT,
YR1998,MMR,
YR1998,MNE,
YR1998,MNG,
YR1998,MNP,
YR1998,MOZ,
YR1998,MRT,
YR1998,MUS,
YR1998,MWI,0.488000005483627
YR1998,MYS,
YR1998,NAM,
YR1998,NCL,
YR1998,NER,
YR1998,NGA,
YR1998,NIC,
YR1998,NLD,
YR1998,NOR,
YR1998,NPL,
YR1998,NRU,
YR1998,NZL,
YR1998,OMN,
YR1998,PAK,
YR1998,PAN,
YR1998,PER,
YR1998,PHL,
YR1998,PLW,
YR1998,PNG,
YR1998,POL,
YR1998,PRI,
YR1998,PRK,
YR1998,PRT,6.87264013290405
YR1998,PRY,
YR1998,PSE,
YR1998,PYF,
YR1998,QAT,
YR1998,ROU,
YR1998,RUS,
YR1998,RWA,
YR1998,SAU,
YR1998,SDN,
YR1998,SEN,
YR1998,SGP,
YR1998,SLB,
YR1998,SLE,
YR1998,SLV,
YR1998,SMR,
YR1998,SOM,
YR1998,SRB,
YR1998,SSD,
YR1998,STP,
YR1998,SUR,
YR1998,SVK,
YR1998,SVN,
YR1998,SWE,
YR1998,SWZ,
YR1998,SXM,
YR1998,SYC,
YR1998,SYR,
YR1998,TCA,
YR1998,TCD,
YR1998,TGO,
YR1998,THA,
YR1998,TJK,
YR1998,TKM,
YR1998,TLS,
YR1998,TON,
YR1998,TTO,
YR1998,TUN,
YR1998,TUR,
YR1998,TUV,
YR1998,TZA,
YR1998,UGA,
YR1998,UKR,
YR1998,URY,
YR1998,USA,
YR1998,UZB,
YR1998,VCT,
YR1998,VEN,
YR1998,VGB,
YR1998,VIR,
YR1998,VNM,
YR1998,VUT,
YR1998,WSM,
YR1998,XKX,
YR1998,YEM,
YR1998,ZAF,
YR1998,ZMB,
YR1998,ZWE,
YR1999,ABW,
YR1999,AFG,
YR1999,AGO,
YR1999,ALB,
YR1999,AND,
YR1999,ARE,
YR1999,ARG,
YR1999,ARM,
YR1999,ASM,
YR1999,ATG,
YR1999,AUS,
YR1999,AUT,
YR1999,AZE,32.5963592529297
YR1999,BDI,
YR1999,BEL,
YR1999,BEN,
YR1999,BFA,
YR1999,BGD,
YR1999,BGR,
YR1999,BHR,
YR1999,BHS,
YR1999,BIH,
YR1999,BLR,
YR1999,BLZ,
YR1999,BMU,
YR1999,BOL,
YR1999,BRA,
YR1999,BRB,
YR1999,BRN,
YR1999,BTN,
YR1999,BWA,
YR1999,CAF,
YR1999,CAN,
YR1999,CHE,
YR1999,CHI,
YR1999,CHL,
YR1999,CHN,
YR1999,CIV,
YR1999,CMR,
YR1999,COD,
YR1999,COG,
YR1999,COL,
YR1999,COM,
YR1999,CPV,
YR1999,CRI,
YR1999,CUB,
YR1999,CUW,
YR1999,CYM,
YR1999,CYP,
YR1999,CZE,
YR1999,DEU,
YR1999,DJI,
YR1999,DMA,
YR1999,DNK,
YR1999,DOM,
YR1999,DZA,
YR1999,ECU,
YR1999,EGY,
YR1999,ERI,
YR1999,ESP,
YR1999,EST,
YR1999,ETH,
YR1999,FIN,
YR1999,FJI,
YR1999,FRA,
YR1999,FRO,
YR1999,FSM,
YR1999,GAB,
YR1999,GBR,
YR1999,GEO,
YR1999,GHA,
YR1999,GIB,
YR1999,GIN,
YR1999,GMB,
YR1999,GNB,
YR1999,GNQ,
YR1999,GRC,
YR1999,GRD,
YR1999,GRL,
YR1999,GTM,
YR1999,GUM,
YR1999,GUY,
YR1999,HKG,
YR1999,HND,
YR1999,HRV,
YR1999,HTI,
YR1999,HUN,
YR1999,IDN,
YR1999,IMN,
YR1999,IND,
YR1999,IRL,
YR1999,IRN,
YR1999,IRQ,
YR1999,ISL,
YR1999,ISR,
YR1999,ITA,
YR1999,JAM,
YR1999,JOR,
YR1999,JPN,
YR1999,KAZ,38.2131690979004
YR1999,KEN,
YR1999,KGZ,28.2175807952881
YR1999,KHM,
YR1999,KIR,
YR1999,KNA,
YR1999,KOR,
YR1999,KWT,
YR1999,LAO,
YR1999,LBN,
YR1999,LBR,
YR1999,LBY,
YR1999,LCA,
YR1999,LIE,
YR1999,LKA,
YR1999,LSO,
YR1999,LTU,
YR1999,LUX,
YR1999,LVA,
YR1999,MAC,
YR1999,MAF,
YR1999,MAR,
YR1999,MCO,
YR1999,MDA,
YR1999,MDG,
YR1999,MDV,
YR1999,MEX,
YR1999,MHL,
YR1999,MKD,
YR1999,MLI,
YR1999,MLT,
YR1999,MMR,
YR1999,MNE,
YR1999,MNG,
YR1999,MNP,
YR1999,MOZ,
YR1999,MRT,
YR1999,MUS,
YR1999,MWI,
YR1999,MYS,
YR1999,NAM,
YR1999,NCL,
YR1999,NER,
YR1999,NGA,
YR1999,NIC,
YR1999,NLD,
YR1999,NOR,
YR1999,NPL,
YR1999,NRU,
YR1999,NZL,
YR1999,OMN,
YR1999,PAK,
YR1999,PAN,
YR1999,PER,
YR1999,PHL,
YR1999,PLW,
YR1999,PNG,
YR1999,POL,
YR1999,PRI,
YR1999,PRK,
YR1999,PRT,7.1221399307251
YR1999,PRY,
YR1999,PSE,
YR1999,PYF,
YR1999,QAT,
YR1999,ROU,
YR1999,RUS,
YR1999,RWA,
YR1999,SAU,
YR1999,SDN,
YR1999,SEN,
YR1999,SGP,
YR1999,SLB,
YR1999,SLE,
YR1999,SLV,
YR1999,SMR,
YR1999,SOM,
YR1999,SRB,
YR1999,SSD,
YR1999,STP,
YR1999,SUR,
YR1999,SVK,
YR1999,SVN,
YR1999,SWE,
YR1999,SWZ,
YR1999,SXM,
YR1999,SYC,
YR1999,SYR,
YR1999,TCA,
YR1999,TCD,
YR1999,TGO,
YR1999,THA,
YR1999,TJK,
YR1999,TKM,
YR1999,TLS,
YR1999,TON,
YR1999,TTO,
YR1999,TUN,
YR1999,TUR,
YR1999,TUV,
YR1999,TZA,
YR1999,UGA,
YR1999,UKR,
YR1999,URY,
YR1999,USA,
YR1999,UZB,
YR1999,VCT,
YR1999,VEN,
YR1999,VGB,
YR1999,VIR,
YR1999,VNM,
YR1999,VUT,
YR1999,WSM,
YR1999,XKX,
YR1999,YEM,
YR1999,ZAF,
YR1999,ZMB,
YR1999,ZWE,
YR2000,ABW,16.3950805664063
YR2000,AFG,
YR2000,AGO,
YR2000,ALB,
YR2000,AND,
YR2000,ARE,
YR2000,ARG,
YR2000,ARM,
YR2000,ASM,
YR2000,ATG,
YR2000,AUS,
YR2000,AUT,
YR2000,AZE,
YR2000,BDI,
YR2000,BEL,
YR2000,BEN,
YR2000,BFA,
YR2000,BGD,
YR2000,BGR,
YR2000,BHR,
YR2000,BHS,19.1762504577637
YR2000,BIH,
YR2000,BLR,
YR2000,BLZ,
YR2000,BMU,51.2354202270508
YR2000,BOL,
YR2000,BRA,
YR2000,BRB,15.6818504333496
YR2000,BRN,
YR2000,BTN,
YR2000,BWA,
YR2000,CAF,
YR2000,CAN,
YR2000,CHE,
YR2000,CHI,
YR2000,CHL,
YR2000,CHN,4.26802015304565
YR2000,CIV,
YR2000,CMR,
YR2000,COD,
YR2000,COG,
YR2000,COL,
YR2000,COM,
YR2000,CPV,
YR2000,CRI,
YR2000,CUB,
YR2000,CUW,
YR2000,CYM,
YR2000,CYP,
YR2000,CZE,
YR2000,DEU,
YR2000,DJI,
YR2000,DMA,
YR2000,DNK,
YR2000,DOM,
YR2000,DZA,
YR2000,ECU,
YR2000,EGY,
YR2000,ERI,
YR2000,ESP,
YR2000,EST,30.8631401062012
YR2000,ETH,
YR2000,FIN,
YR2000,FJI,
YR2000,FRA,
YR2000,FRO,
YR2000,FSM,
YR2000,GAB,
YR2000,GBR,
YR2000,GEO,
YR2000,GHA,
YR2000,GIB,
YR2000,GIN,
YR2000,GMB,
YR2000,GNB,
YR2000,GNQ,
YR2000,GRC,
YR2000,GRD,
YR2000,GRL,
YR2000,GTM,
YR2000,GUM,
YR2000,GUY,
YR2000,HKG,
YR2000,HND,
YR2000,HRV,
YR2000,HTI,
YR2000,HUN,
YR2000,IDN,
YR2000,IMN,
YR2000,IND,
YR2000,IRL,
YR2000,IRN,
YR2000,IRQ,
YR2000,ISL,
YR2000,ISR,
YR2000,ITA,
YR2000,JAM,
YR2000,JOR,
YR2000,JPN,
YR2000,KAZ,
YR2000,KEN,
YR2000,KGZ,
YR2000,KHM,
YR2000,KIR,
YR2000,KNA,
YR2000,KOR,
YR2000,KWT,
YR2000,LAO,
YR2000,LBN,
YR2000,LBR,
YR2000,LBY,
YR2000,LCA,
YR2000,LIE,8.86692047119141
YR2000,LKA,
YR2000,LSO,
YR2000,LTU,
YR2000,LUX,
YR2000,LVA,
YR2000,MAC,
YR2000,MAF,
YR2000,MAR,
YR2000,MCO,
YR2000,MDA,
YR2000,MDG,
YR2000,MDV,
YR2000,MEX,9.02966976165771
YR2000,MHL,
YR2000,MKD,
YR2000,MLI,
YR2000,MLT,7.91396999359131
YR2000,MMR,
YR2000,MNE,
YR2000,MNG,30.5719604492188
YR2000,MNP,
YR2000,MOZ,
YR2000,MRT,
YR2000,MUS,7.91396999359131
YR2000,MWI,
YR2000,MYS,11.397970199585
YR2000,NAM,
YR2000,NCL,
YR2000,NER,
YR2000,NGA,
YR2000,NIC,
YR2000,NLD,
YR2000,NOR,
YR2000,NPL,
YR2000,NRU,
YR2000,NZL,
YR2000,OMN,
YR2000,PAK,
YR2000,PAN,11.1673097610474
YR2000,PER,
YR2000,PHL,15.523850440979
YR2000,PLW,
YR2000,PNG,
YR2000,POL,
YR2000,PRI,37.6096115112305
YR2000,PRK,
YR2000,PRT,7.2566499710083
YR2000,PRY,
YR2000,PSE,
YR2000,PYF,
YR2000,QAT,
YR2000,ROU,
YR2000,RUS,
YR2000,RWA,
YR2000,SAU,12.0412797927856
YR2000,SDN,
YR2000,SEN,
YR2000,SGP,
YR2000,SLB,
YR2000,SLE,
YR2000,SLV,
YR2000,SMR,
YR2000,SOM,
YR2000,SRB,
YR2000,SSD,
YR2000,STP,
YR2000,SUR,
YR2000,SVK,
YR2000,SVN,
YR2000,SWE,
YR2000,SWZ,
YR2000,SXM,
YR2000,SYC,
YR2000,SYR,
YR2000,TCA,
YR2000,TCD,
YR2000,TGO,
YR2000,THA,
YR2000,TJK,19.8222808837891
YR2000,TKM,
YR2000,TLS,
YR2000,TON,
YR2000,TTO,
YR2000,TUN,
YR2000,TUR,
YR2000,TUV,
YR2000,TZA,
YR2000,UGA,
YR2000,UKR,
YR2000,URY,
YR2000,USA,
YR2000,UZB,
YR2000,VCT,
YR2000,VEN,
YR2000,VGB,
YR2000,VIR,
YR2000,VNM,
YR2000,VUT,
YR2000,WSM,
YR2000,XKX,
YR2000,YEM,
YR2000,ZAF,
YR2000,ZMB,
YR2000,ZWE,
YR2001,ABW,
YR2001,AFG,
YR2001,AGO,
YR2001,ALB,7.42787981033325
YR2001,AND,
YR2001,ARE,
YR2001,ARG,
YR2001,ARM,42.1139106750488
YR2001,ASM,
YR2001,ATG,
YR2001,AUS,
YR2001,AUT,
YR2001,AZE,
YR2001,BDI,
YR2001,BEL,
YR2001,BEN,
YR2001,BFA,
YR2001,BGD,4.2086501121521
YR2001,BGR,
YR2001,BHR,
YR2001,BHS,
YR2001,BIH,
YR2001,BLR,
YR2001,BLZ,
YR2001,BMU,
YR2001,BOL,16.8349895477295
YR2001,BRA,
YR2001,BRB,
YR2001,BRN,
YR2001,BTN,
YR2001,BWA,
YR2001,CAF,
YR2001,CAN,
YR2001,CHE,
YR2001,CHI,
YR2001,CHL,
YR2001,CHN,
YR2001,CIV,
YR2001,CMR,
YR2001,COD,
YR2001,COG,
YR2001,COL,
YR2001,COM,
YR2001,CPV,
YR2001,CRI,
YR2001,CUB,
YR2001,CUW,
YR2001,CYM,
YR2001,CYP,
YR2001,CZE,
YR2001,DEU,
YR2001,DJI,
YR2001,DMA,
YR2001,DNK,
YR2001,DOM,
YR2001,DZA,
YR2001,ECU,
YR2001,EGY,
YR2001,ERI,
YR2001,ESP,
YR2001,EST,
YR2001,ETH,
YR2001,FIN,
YR2001,FJI,
YR2001,FRA,
YR2001,FRO,
YR2001,FSM,
YR2001,GAB,
YR2001,GBR,
YR2001,GEO,
YR2001,GHA,
YR2001,GIB,
YR2001,GIN,
YR2001,GMB,
YR2001,GNB,
YR2001,GNQ,
YR2001,GRC,
YR2001,GRD,
YR2001,GRL,
YR2001,GTM,
YR2001,GUM,
YR2001,GUY,
YR2001,HKG,
YR2001,HND,
YR2001,HRV,13.958930015564
YR2001,HTI,
YR2001,HUN,13.6289596557617
YR2001,IDN,
YR2001,IMN,
YR2001,IND,
YR2001,IRL,
YR2001,IRN,
YR2001,IRQ,
YR2001,ISL,
YR2001,ISR,
YR2001,ITA,9.35807037353516
YR2001,JAM,
YR2001,JOR,
YR2001,JPN,
YR2001,KAZ,
YR2001,KEN,
YR2001,KGZ,
YR2001,KHM,
YR2001,KIR,
YR2001,KNA,
YR2001,KOR,
YR2001,KWT,
YR2001,LAO,
YR2001,LBN,
YR2001,LBR,
YR2001,LBY,
YR2001,LCA,
YR2001,LIE,
YR2001,LKA,35.2981109619141
YR2001,LSO,
YR2001,LTU,
YR2001,LUX,30.3475894927979
YR2001,LVA,
YR2001,MAC,28.330020904541
YR2001,MAF,
YR2001,MAR,
YR2001,MCO,
YR2001,MDA,
YR2001,MDG,
YR2001,MDV,
YR2001,MEX,
YR2001,MHL,
YR2001,MKD,
YR2001,MLI,
YR2001,MLT,
YR2001,MMR,
YR2001,MNE,
YR2001,MNG,
YR2001,MNP,
YR2001,MOZ,
YR2001,MRT,
YR2001,MUS,
YR2001,MWI,
YR2001,MYS,
YR2001,NAM,5.48442983627319
YR2001,NCL,
YR2001,NER,
YR2001,NGA,
YR2001,NIC,
YR2001,NLD,
YR2001,NOR,
YR2001,NPL,6.69435977935791
YR2001,NRU,
YR2001,NZL,34.9422798156738
YR2001,OMN,
YR2001,PAK,
YR2001,PAN,
YR2001,PER,
YR2001,PHL,
YR2001,PLW,
YR2001,PNG,
YR2001,POL,
YR2001,PRI,
YR2001,PRK,
YR2001,PRT,7.57331991195679
YR2001,PRY,
YR2001,PSE,
YR2001,PYF,
YR2001,QAT,
YR2001,ROU,
YR2001,RUS,
YR2001,RWA,
YR2001,SAU,
YR2001,SDN,
YR2001,SEN,
YR2001,SGP,
YR2001,SLB,
YR2001,SLE,
YR2001,SLV,
YR2001,SMR,
YR2001,SOM,
YR2001,SRB,
YR2001,SSD,
YR2001,STP,
YR2001,SUR,
YR2001,SVK,12.5332803726196
YR2001,SVN,
YR2001,SWE,
YR2001,SWZ,
YR2001,SXM,
YR2001,SYC,
YR2001,SYR,
YR2001,TCA,
YR2001,TCD,
YR2001,TGO,
YR2001,THA,
YR2001,TJK,
YR2001,TKM,
YR2001,TLS,
YR2001,TON,
YR2001,TTO,
YR2001,TUN,
YR2001,TUR,
YR2001,TUV,
YR2001,TZA,
YR2001,UGA,
YR2001,UKR,38.1417083740234
YR2001,URY,
YR2001,USA,
YR2001,UZB,
YR2001,VCT,
YR2001,VEN,
YR2001,VGB,
YR2001,VIR,
YR2001,VNM,
YR2001,VUT,
YR2001,WSM,12.5366096496582
YR2001,XKX,
YR2001,YEM,
YR2001,ZAF,8.88712024688721
YR2001,ZMB,
YR2001,ZWE,
YR2002,ABW,
YR2002,AFG,
YR2002,AGO,
YR2002,ALB,
YR2002,AND,
YR2002,ARE,
YR2002,ARG,
YR2002,ARM,
YR2002,ASM,
YR2002,ATG,
YR2002,AUS,
YR2002,AUT,
YR2002,AZE,
YR2002,BDI,
YR2002,BEL,
YR2002,BEN,2.16149997711182
YR2002,BFA,
YR2002,BGD,
YR2002,BGR,
YR2002,BHR,
YR2002,BHS,
YR2002,BIH,
YR2002,BLR,
YR2002,BLZ,
YR2002,BMU,
YR2002,BOL,
YR2002,BRA,
YR2002,BRB,
YR2002,BRN,
YR2002,BTN,
YR2002,BWA,
YR2002,CAF,
YR2002,CAN,
YR2002,CHE,
YR2002,CHI,
YR2002,CHL,
YR2002,CHN,
YR2002,CIV,
YR2002,CMR,
YR2002,COD,
YR2002,COG,
YR2002,COL,
YR2002,COM,
YR2002,CPV,
YR2002,CRI,
YR2002,CUB,9.35904026031494
YR2002,CUW,
YR2002,CYM,
YR2002,CYP,
YR2002,CZE,
YR2002,DEU,
YR2002,DJI,
YR2002,DMA,
YR2002,DNK,
YR2002,DOM,
YR2002,DZA,
YR2002,ECU,
YR2002,EGY,
YR2002,ERI,
YR2002,ESP,
YR2002,EST,
YR2002,ETH,
YR2002,FIN,
YR2002,FJI,
YR2002,FRA,
YR2002,FRO,
YR2002,FSM,
YR2002,GAB,
YR2002,GBR,
YR2002,GEO,48.3394203186035
YR2002,GHA,
YR2002,GIB,
YR2002,GIN,
YR2002,GMB,
YR2002,GNB,
YR2002,GNQ,
YR2002,GRC,
YR2002,GRD,
YR2002,GRL,
YR2002,GTM,4.20162010192871
YR2002,GUM,
YR2002,GUY,2.26873993873596
YR2002,HKG,
YR2002,HND,
YR2002,HRV,
YR2002,HTI,
YR2002,HUN,
YR2002,IDN,
YR2002,IMN,
YR2002,IND,
YR2002,IRL,
YR2002,IRN,
YR2002,IRQ,
YR2002,ISL,
YR2002,ISR,
YR2002,ITA,
YR2002,JAM,
YR2002,JOR,
YR2002,JPN,
YR2002,KAZ,
YR2002,KEN,
YR2002,KGZ,
YR2002,KHM,
YR2002,KIR,
YR2002,KNA,
YR2002,KOR,
YR2002,KWT,
YR2002,LAO,
YR2002,LBN,
YR2002,LBR,
YR2002,LBY,
YR2002,LCA,
YR2002,LIE,
YR2002,LKA,
YR2002,LSO,
YR2002,LTU,
YR2002,LUX,
YR2002,LVA,
YR2002,MAC,
YR2002,MAF,
YR2002,MAR,
YR2002,MCO,
YR2002,MDA,
YR2002,MDG,
YR2002,MDV,
YR2002,MEX,
YR2002,MHL,
YR2002,MKD,12.2306098937988
YR2002,MLI,
YR2002,MLT,
YR2002,MMR,
YR2002,MNE,
YR2002,MNG,
YR2002,MNP,
YR2002,MOZ,
YR2002,MRT,
YR2002,MUS,
YR2002,MWI,
YR2002,MYS,
YR2002,NAM,
YR2002,NCL,
YR2002,NER,
YR2002,NGA,
YR2002,NIC,
YR2002,NLD,
YR2002,NOR,
YR2002,NPL,
YR2002,NRU,
YR2002,NZL,
YR2002,OMN,
YR2002,PAK,
YR2002,PAN,
YR2002,PER,
YR2002,PHL,
YR2002,PLW,
YR2002,PNG,
YR2002,POL,16.0597305297852
YR2002,PRI,
YR2002,PRK,
YR2002,PRT,7.69954013824463
YR2002,PRY,
YR2002,PSE,
YR2002,PYF,
YR2002,QAT,
YR2002,ROU,12.6461095809937
YR2002,RUS,
YR2002,RWA,
YR2002,SAU,
YR2002,SDN,
YR2002,SEN,
YR2002,SGP,
YR2002,SLB,
YR2002,SLE,
YR2002,SLV,
YR2002,SMR,
YR2002,SOM,
YR2002,SRB,13.2008399963379
YR2002,SSD,
YR2002,STP,
YR2002,SUR,
YR2002,SVK,
YR2002,SVN,
YR2002,SWE,
YR2002,SWZ,
YR2002,SXM,
YR2002,SYC,
YR2002,SYR,
YR2002,TCA,
YR2002,TCD,
YR2002,TGO,
YR2002,THA,
YR2002,TJK,
YR2002,TKM,
YR2002,TLS,
YR2002,TON,
YR2002,TTO,
YR2002,TUN,
YR2002,TUR,
YR2002,TUV,
YR2002,TZA,
YR2002,UGA,4.80753993988037
YR2002,UKR,
YR2002,URY,
YR2002,USA,
YR2002,UZB,
YR2002,VCT,
YR2002,VEN,
YR2002,VGB,
YR2002,VIR,
YR2002,VNM,
YR2002,VUT,
YR2002,WSM,
YR2002,XKX,
YR2002,YEM,
YR2002,ZAF,10.2611398696899
YR2002,ZMB,
YR2002,ZWE,9.09916973114014
YR2003,ABW,
YR2003,AFG,
YR2003,AGO,
YR2003,ALB,
YR2003,AND,27.8053607940674
YR2003,ARE,
YR2003,ARG,13.6834497451782
YR2003,ARM,
YR2003,ASM,
YR2003,ATG,
YR2003,AUS,
YR2003,AUT,
YR2003,AZE,
YR2003,BDI,
YR2003,BEL,
YR2003,BEN,
YR2003,BFA,
YR2003,BGD,
YR2003,BGR,
YR2003,BHR,
YR2003,BHS,
YR2003,BIH,
YR2003,BLR,
YR2003,BLZ,
YR2003,BMU,
YR2003,BOL,
YR2003,BRA,
YR2003,BRB,
YR2003,BRN,
YR2003,BTN,
YR2003,BWA,
YR2003,CAF,
YR2003,CAN,
YR2003,CHE,
YR2003,CHI,
YR2003,CHL,
YR2003,CHN,
YR2003,CIV,
YR2003,CMR,
YR2003,COD,
YR2003,COG,
YR2003,COL,
YR2003,COM,
YR2003,CPV,
YR2003,CRI,
YR2003,CUB,
YR2003,CUW,
YR2003,CYM,
YR2003,CYP,
YR2003,CZE,
YR2003,DEU,
YR2003,DJI,
YR2003,DMA,
YR2003,DNK,32.4739608764648
YR2003,DOM,
YR2003,DZA,
YR2003,ECU,
YR2003,EGY,
YR2003,ERI,
YR2003,ESP,
YR2003,EST,
YR2003,ETH,
YR2003,FIN,
YR2003,FJI,
YR2003,FRA,
YR2003,FRO,
YR2003,FSM,
YR2003,GAB,
YR2003,GBR,
YR2003,GEO,
YR2003,GHA,
YR2003,GIB,
YR2003,GIN,
YR2003,GMB,
YR2003,GNB,
YR2003,GNQ,
YR2003,GRC,
YR2003,GRD,
YR2003,GRL,
YR2003,GTM,
YR2003,GUM,
YR2003,GUY,
YR2003,HKG,
YR2003,HND,
YR2003,HRV,
YR2003,HTI,
YR2003,HUN,
YR2003,IDN,
YR2003,IMN,
YR2003,IND,
YR2003,IRL,
YR2003,IRN,
YR2003,IRQ,
YR2003,ISL,
YR2003,ISR,
YR2003,ITA,
YR2003,JAM,
YR2003,JOR,
YR2003,JPN,
YR2003,KAZ,
YR2003,KEN,
YR2003,KGZ,
YR2003,KHM,
YR2003,KIR,
YR2003,KNA,
YR2003,KOR,
YR2003,KWT,
YR2003,LAO,
YR2003,LBN,
YR2003,LBR,
YR2003,LBY,
YR2003,LCA,
YR2003,LIE,
YR2003,LKA,
YR2003,LSO,
YR2003,LTU,
YR2003,LUX,
YR2003,LVA,
YR2003,MAC,
YR2003,MAF,
YR2003,MAR,
YR2003,MCO,
YR2003,MDA,
YR2003,MDG,
YR2003,MDV,
YR2003,MEX,
YR2003,MHL,
YR2003,MKD,
YR2003,MLI,
YR2003,MLT,
YR2003,MMR,
YR2003,MNE,15.4417400360107
YR2003,MNG,
YR2003,MNP,
YR2003,MOZ,
YR2003,MRT,
YR2003,MUS,
YR2003,MWI,
YR2003,MYS,
YR2003,NAM,
YR2003,NCL,
YR2003,NER,
YR2003,NGA,
YR2003,NIC,
YR2003,NLD,
YR2003,NOR,
YR2003,NPL,
YR2003,NRU,
YR2003,NZL,
YR2003,OMN,14.4463996887207
YR2003,PAK,
YR2003,PAN,
YR2003,PER,
YR2003,PHL,
YR2003,PLW,
YR2003,PNG,
YR2003,POL,
YR2003,PRI,
YR2003,PRK,
YR2003,PRT,8.94606971740723
YR2003,PRY,7.99952983856201
YR2003,PSE,
YR2003,PYF,
YR2003,QAT,
YR2003,ROU,
YR2003,RUS,
YR2003,RWA,
YR2003,SAU,
YR2003,SDN,
YR2003,SEN,
YR2003,SGP,
YR2003,SLB,
YR2003,SLE,
YR2003,SLV,
YR2003,SMR,
YR2003,SOM,
YR2003,SRB,
YR2003,SSD,
YR2003,STP,
YR2003,SUR,
YR2003,SVK,
YR2003,SVN,
YR2003,SWE,
YR2003,SWZ,
YR2003,SXM,
YR2003,SYC,
YR2003,SYR,
YR2003,TCA,
YR2003,TCD,
YR2003,TGO,
YR2003,THA,
YR2003,TJK,
YR2003,TKM,
YR2003,TLS,
YR2003,TON,
YR2003,TTO,
YR2003,TUN,
YR2003,TUR,
YR2003,TUV,
YR2003,TZA,
YR2003,UGA,
YR2003,UKR,
YR2003,URY,
YR2003,USA,
YR2003,UZB,
YR2003,VCT,
YR2003,VEN,
YR2003,VGB,
YR2003,VIR,
YR2003,VNM,
YR2003,VUT,
YR2003,WSM,
YR2003,XKX,
YR2003,YEM,
YR2003,ZAF,10.412859916687
YR2003,ZMB,
YR2003,ZWE,
YR2004,ABW,
YR2004,AFG,
YR2004,AGO,
YR2004,ALB,
YR2004,AND,30.5104198455811
YR2004,ARE,
YR2004,ARG,
YR2004,ARM,
YR2004,ASM,
YR2004,ATG,
YR2004,AUS,33.364990234375
YR2004,AUT,
YR2004,AZE,
YR2004,BDI,
YR2004,BEL,
YR2004,BEN,
YR2004,BFA,
YR2004,BGD,
YR2004,BGR,
YR2004,BHR,
YR2004,BHS,
YR2004,BIH,
YR2004,BLR,
YR2004,BLZ,
YR2004,BMU,
YR2004,BOL,
YR2004,BRA,8.11464023590088
YR2004,BRB,
YR2004,BRN,
YR2004,BTN,
YR2004,BWA,
YR2004,CAF,
YR2004,CAN,
YR2004,CHE,
YR2004,CHI,
YR2004,CHL,13.156530380249
YR2004,CHN,
YR2004,CIV,
YR2004,CMR,
YR2004,COD,
YR2004,COG,
YR2004,COL,15.3737697601318
YR2004,COM,
YR2004,CPV,
YR2004,CRI,
YR2004,CUB,
YR2004,CUW,
YR2004,CYM,31.1855907440186
YR2004,CYP,27.6797199249268
YR2004,CZE,
YR2004,DEU,
YR2004,DJI,
YR2004,DMA,
YR2004,DNK,32.5316505432129
YR2004,DOM,
YR2004,DZA,
YR2004,ECU,
YR2004,EGY,
YR2004,ERI,
YR2004,ESP,21.7099800109863
YR2004,EST,
YR2004,ETH,
YR2004,FIN,
YR2004,FJI,
YR2004,FRA,19.9048099517822
YR2004,FRO,
YR2004,FSM,
YR2004,GAB,
YR2004,GBR,
YR2004,GEO,
YR2004,GHA,
YR2004,GIB,
YR2004,GIN,
YR2004,GMB,
YR2004,GNB,
YR2004,GNQ,
YR2004,GRC,
YR2004,GRD,
YR2004,GRL,
YR2004,GTM,
YR2004,GUM,
YR2004,GUY,
YR2004,HKG,
YR2004,HND,
YR2004,HRV,
YR2004,HTI,
YR2004,HUN,
YR2004,IDN,
YR2004,IMN,
YR2004,IND,
YR2004,IRL,
YR2004,IRN,
YR2004,IRQ,
YR2004,ISL,
YR2004,ISR,28.2069702148438
YR2004,ITA,
YR2004,JAM,
YR2004,JOR,
YR2004,JPN,
YR2004,KAZ,
YR2004,KEN,
YR2004,KGZ,
YR2004,KHM,
YR2004,KIR,
YR2004,KNA,
YR2004,KOR,
YR2004,KWT,
YR2004,LAO,
YR2004,LBN,
YR2004,LBR,
YR2004,LBY,
YR2004,LCA,
YR2004,LIE,
YR2004,LKA,
YR2004,LSO,
YR2004,LTU,
YR2004,LUX,
YR2004,LVA,30.3477096557617
YR2004,MAC,
YR2004,MAF,
YR2004,MAR,
YR2004,MCO,
YR2004,MDA,
YR2004,MDG,
YR2004,MDV,
YR2004,MEX,12.5401096343994
YR2004,MHL,
YR2004,MKD,
YR2004,MLI,
YR2004,MLT,
YR2004,MMR,
YR2004,MNE,
YR2004,MNG,
YR2004,MNP,
YR2004,MOZ,
YR2004,MRT,
YR2004,MUS,
YR2004,MWI,
YR2004,MYS,
YR2004,NAM,
YR2004,NCL,
YR2004,NER,
YR2004,NGA,
YR2004,NIC,
YR2004,NLD,
YR2004,NOR,29.6287403106689
YR2004,NPL,
YR2004,NRU,
YR2004,NZL,
YR2004,OMN,
YR2004,PAK,
YR2004,PAN,
YR2004,PER,12.5134401321411
YR2004,PHL,27.2664909362793
YR2004,PLW,
YR2004,PNG,
YR2004,POL,
YR2004,PRI,
YR2004,PRK,
YR2004,PRT,10.6607398986816
YR2004,PRY,
YR2004,PSE,17.7303504943848
YR2004,PYF,
YR2004,QAT,25.5490207672119
YR2004,ROU,
YR2004,RUS,
YR2004,RWA,
YR2004,SAU,19.5032806396484
YR2004,SDN,
YR2004,SEN,
YR2004,SGP,
YR2004,SLB,
YR2004,SLE,
YR2004,SLV,
YR2004,SMR,
YR2004,SOM,
YR2004,SRB,
YR2004,SSD,
YR2004,STP,
YR2004,SUR,3.91474008560181
YR2004,SVK,
YR2004,SVN,18.3138103485107
YR2004,SWE,31.8675899505615
YR2004,SWZ,
YR2004,SXM,
YR2004,SYC,
YR2004,SYR,
YR2004,TCA,
YR2004,TCD,3.22367000579834
YR2004,TGO,
YR2004,THA,12.9932699203491
YR2004,TJK,
YR2004,TKM,
YR2004,TLS,
YR2004,TON,
YR2004,TTO,
YR2004,TUN,
YR2004,TUR,7.33287000656128
YR2004,TUV,
YR2004,TZA,
YR2004,UGA,
YR2004,UKR,
YR2004,URY,
YR2004,USA,36.1269989013672
YR2004,UZB,
YR2004,VCT,
YR2004,VEN,
YR2004,VGB,
YR2004,VIR,
YR2004,VNM,
YR2004,VUT,
YR2004,WSM,
YR2004,XKX,
YR2004,YEM,
YR2004,ZAF,10.8795795440674
YR2004,ZMB,
YR2004,ZWE,
YR2005,ABW,
YR2005,AFG,
YR2005,AGO,
YR2005,ALB,
YR2005,AND,28.1063899993896
YR2005,ARE,22.5848197937012
YR2005,ARG,
YR2005,ARM,
YR2005,ASM,
YR2005,ATG,
YR2005,AUS,34.2044906616211
YR2005,AUT,23.8370304107666
YR2005,AZE,
YR2005,BDI,
YR2005,BEL,
YR2005,BEN,
YR2005,BFA,
YR2005,BGD,
YR2005,BGR,
YR2005,BHR,
YR2005,BHS,
YR2005,BIH,
YR2005,BLR,
YR2005,BLZ,11.0540399551392
YR2005,BMU,
YR2005,BOL,
YR2005,BRA,
YR2005,BRB,
YR2005,BRN,
YR2005,BTN,
YR2005,BWA,
YR2005,CAF,
YR2005,CAN,
YR2005,CHE,
YR2005,CHI,
YR2005,CHL,
YR2005,CHN,
YR2005,CIV,
YR2005,CMR,
YR2005,COD,
YR2005,COG,
YR2005,COL,15.8841695785522
YR2005,COM,
YR2005,CPV,
YR2005,CRI,
YR2005,CUB,
YR2005,CUW,
YR2005,CYM,39.7559509277344
YR2005,CYP,27.296329498291
YR2005,CZE,
YR2005,DEU,
YR2005,DJI,
YR2005,DMA,
YR2005,DNK,
YR2005,DOM,
YR2005,DZA,
YR2005,ECU,
YR2005,EGY,
YR2005,ERI,
YR2005,ESP,23.3822193145752
YR2005,EST,
YR2005,ETH,
YR2005,FIN,
YR2005,FJI,
YR2005,FRA,20.637279510498
YR2005,FRO,
YR2005,FSM,
YR2005,GAB,
YR2005,GBR,
YR2005,GEO,
YR2005,GHA,
YR2005,GIB,
YR2005,GIN,
YR2005,GMB,
YR2005,GNB,
YR2005,GNQ,
YR2005,GRC,23.2665996551514
YR2005,GRD,
YR2005,GRL,
YR2005,GTM,
YR2005,GUM,
YR2005,GUY,
YR2005,HKG,
YR2005,HND,
YR2005,HRV,
YR2005,HTI,
YR2005,HUN,16.2346992492676
YR2005,IDN,
YR2005,IMN,
YR2005,IND,
YR2005,IRL,
YR2005,IRN,
YR2005,IRQ,
YR2005,ISL,31.0032405853271
YR2005,ISR,
YR2005,ITA,10.9038896560669
YR2005,JAM,
YR2005,JOR,
YR2005,JPN,
YR2005,KAZ,
YR2005,KEN,
YR2005,KGZ,
YR2005,KHM,
YR2005,KIR,
YR2005,KNA,
YR2005,KOR,31.5887393951416
YR2005,KWT,13.5123500823975
YR2005,LAO,
YR2005,LBN,
YR2005,LBR,
YR2005,LBY,
YR2005,LCA,
YR2005,LIE,
YR2005,LKA,
YR2005,LSO,
YR2005,LTU,44.957218170166
YR2005,LUX,
YR2005,LVA,30.1295795440674
YR2005,MAC,
YR2005,MAF,
YR2005,MAR,
YR2005,MCO,
YR2005,MDA,
YR2005,MDG,
YR2005,MDV,
YR2005,MEX,12.1078195571899
YR2005,MHL,
YR2005,MKD,
YR2005,MLI,
YR2005,MLT,11.1428804397583
YR2005,MMR,
YR2005,MNE,
YR2005,MNG,
YR2005,MNP,
YR2005,MOZ,
YR2005,MRT,
YR2005,MUS,
YR2005,MWI,
YR2005,MYS,5.11517000198364
YR2005,NAM,
YR2005,NCL,
YR2005,NER,
YR2005,NGA,
YR2005,NIC,
YR2005,NLD,29.3052196502686
YR2005,NOR,30.4954605102539
YR2005,NPL,
YR2005,NRU,
YR2005,NZL,
YR2005,OMN,
YR2005,PAK,3.91673994064331
YR2005,PAN,
YR2005,PER,16.0601596832275
YR2005,PHL,
YR2005,PLW,
YR2005,PNG,
YR2005,POL,
YR2005,PRI,42.2522888183594
YR2005,PRK,
YR2005,PRT,10.9376697540283
YR2005,PRY,14.1479997634888
YR2005,PSE,
YR2005,PYF,
YR2005,QAT,
YR2005,ROU,
YR2005,RUS,
YR2005,RWA,
YR2005,SAU,
YR2005,SDN,
YR2005,SEN,
YR2005,SGP,38.2560615539551
YR2005,SLB,
YR2005,SLE,
YR2005,SLV,
YR2005,SMR,
YR2005,SOM,
YR2005,SRB,
YR2005,SSD,
YR2005,STP,
YR2005,SUR,
YR2005,SVK,
YR2005,SVN,18.1287708282471
YR2005,SWE,32.7204895019531
YR2005,SWZ,
YR2005,SXM,
YR2005,SYC,
YR2005,SYR,
YR2005,TCA,
YR2005,TCD,
YR2005,TGO,
YR2005,THA,
YR2005,TJK,
YR2005,TKM,
YR2005,TLS,
YR2005,TON,
YR2005,TTO,
YR2005,TUN,
YR2005,TUR,7.92870998382568
YR2005,TUV,
YR2005,TZA,
YR2005,UGA,
YR2005,UKR,
YR2005,URY,
YR2005,USA,36.2299385070801
YR2005,UZB,
YR2005,VCT,
YR2005,VEN,
YR2005,VGB,
YR2005,VIR,
YR2005,VNM,
YR2005,VUT,
YR2005,WSM,
YR2005,XKX,
YR2005,YEM,
YR2005,ZAF,10.9743099212646
YR2005,ZMB,
YR2005,ZWE,
YR2006,ABW,
YR2006,AFG,
YR2006,AGO,
YR2006,ALB,
YR2006,AND,30.4779090881348
YR2006,ARE,
YR2006,ARG,16.2084293365479
YR2006,ARM,
YR2006,ASM,
YR2006,ATG,
YR2006,AUS,35.7297897338867
YR2006,AUT,
YR2006,AZE,
YR2006,BDI,
YR2006,BEL,28.205659866333
YR2006,BEN,
YR2006,BFA,1.83583998680115
YR2006,BGD,
YR2006,BGR,
YR2006,BHR,
YR2006,BHS,
YR2006,BIH,
YR2006,BLR,
YR2006,BLZ,
YR2006,BMU,
YR2006,BOL,20.9168796539307
YR2006,BRA,8.64058971405029
YR2006,BRB,
YR2006,BRN,
YR2006,BTN,
YR2006,BWA,
YR2006,CAF,
YR2006,CAN,55.9819297790527
YR2006,CHE,
YR2006,CHI,
YR2006,CHL,
YR2006,CHN,
YR2006,CIV,
YR2006,CMR,
YR2006,COD,
YR2006,COG,
YR2006,COL,11.3631896972656
YR2006,COM,
YR2006,CPV,
YR2006,CRI,
YR2006,CUB,
YR2006,CUW,
YR2006,CYM,37.7236709594727
YR2006,CYP,28.5707092285156
YR2006,CZE,14.0790796279907
YR2006,DEU,27.1606197357178
YR2006,DJI,
YR2006,DMA,
YR2006,DNK,
YR2006,DOM,
YR2006,DZA,
YR2006,ECU,
YR2006,EGY,16.4160709381104
YR2006,ERI,
YR2006,ESP,23.6973991394043
YR2006,EST,
YR2006,ETH,
YR2006,FIN,
YR2006,FJI,
YR2006,FRA,
YR2006,FRO,
YR2006,FSM,
YR2006,GAB,
YR2006,GBR,
YR2006,GEO,
YR2006,GHA,
YR2006,GIB,
YR2006,GIN,
YR2006,GMB,
YR2006,GNB,
YR2006,GNQ,
YR2006,GRC,18.1508502960205
YR2006,GRD,
YR2006,GRL,
YR2006,GTM,3.40715003013611
YR2006,GUM,
YR2006,GUY,
YR2006,HKG,21.9202995300293
YR2006,HND,
YR2006,HRV,
YR2006,HTI,
YR2006,HUN,
YR2006,IDN,6.94960021972656
YR2006,IMN,
YR2006,IND,
YR2006,IRL,
YR2006,IRN,16.7683696746826
YR2006,IRQ,
YR2006,ISL,
YR2006,ISR,41.0709381103516
YR2006,ITA,11.4177103042603
YR2006,JAM,
YR2006,JOR,
YR2006,JPN,
YR2006,KAZ,
YR2006,KEN,
YR2006,KGZ,
YR2006,KHM,
YR2006,KIR,
YR2006,KNA,
YR2006,KOR,
YR2006,KWT,13.1482496261597
YR2006,LAO,
YR2006,LBN,
YR2006,LBR,
YR2006,LBY,
YR2006,LCA,
YR2006,LIE,
YR2006,LKA,
YR2006,LSO,1.86032998561859
YR2006,LTU,46.6597518920898
YR2006,LUX,
YR2006,LVA,31.8909606933594
YR2006,MAC,14.3111400604248
YR2006,MAF,
YR2006,MAR,
YR2006,MCO,
YR2006,MDA,
YR2006,MDG,
YR2006,MDV,4.15810012817383
YR2006,MEX,14.9123296737671
YR2006,MHL,
YR2006,MKD,
YR2006,MLI,1.91383004188538
YR2006,MLT,
YR2006,MMR,
YR2006,MNE,
YR2006,MNG,
YR2006,MNP,
YR2006,MOZ,
YR2006,MRT,
YR2006,MUS,
YR2006,MWI,
YR2006,MYS,
YR2006,NAM,
YR2006,NCL,
YR2006,NER,
YR2006,NGA,17.3451099395752
YR2006,NIC,
YR2006,NLD,
YR2006,NOR,31.1538200378418
YR2006,NPL,
YR2006,NRU,
YR2006,NZL,42.4215888977051
YR2006,OMN,
YR2006,PAK,6.29511976242065
YR2006,PAN,
YR2006,PER,16.9434299468994
YR2006,PHL,
YR2006,PLW,
YR2006,PNG,
YR2006,POL,
YR2006,PRI,40.8999214172363
YR2006,PRK,
YR2006,PRT,11.6760902404785
YR2006,PRY,11.2550802230835
YR2006,PSE,18.3750991821289
YR2006,PYF,
YR2006,QAT,
YR2006,ROU,
YR2006,RUS,
YR2006,RWA,
YR2006,SAU,
YR2006,SDN,
YR2006,SEN,3.24770998954773
YR2006,SGP,36.7557907104492
YR2006,SLB,
YR2006,SLE,
YR2006,SLV,10.6017904281616
YR2006,SMR,
YR2006,SOM,
YR2006,SRB,
YR2006,SSD,
YR2006,STP,
YR2006,SUR,
YR2006,SVK,
YR2006,SVN,18.9986305236816
YR2006,SWE,33.4906616210938
YR2006,SWZ,
YR2006,SXM,
YR2006,SYC,
YR2006,SYR,
YR2006,TCA,
YR2006,TCD,
YR2006,TGO,
YR2006,THA,12.8689699172974
YR2006,TJK,
YR2006,TKM,
YR2006,TLS,
YR2006,TON,23.3587608337402
YR2006,TTO,
YR2006,TUN,
YR2006,TUR,8.54139041900635
YR2006,TUV,
YR2006,TZA,
YR2006,UGA,
YR2006,UKR,
YR2006,URY,9.60365962982178
YR2006,USA,37.3678512573242
YR2006,UZB,
YR2006,VCT,
YR2006,VEN,13.0198202133179
YR2006,VGB,
YR2006,VIR,
YR2006,VNM,
YR2006,VUT,
YR2006,WSM,
YR2006,XKX,
YR2006,YEM,
YR2006,ZAF,10.3197298049927
YR2006,ZMB,
YR2006,ZWE,
YR2007,ABW,
YR2007,AFG,
YR2007,AGO,
YR2007,ALB,
YR2007,AND,
YR2007,ARE,
YR2007,ARG,
YR2007,ARM,
YR2007,ASM,
YR2007,ATG,
YR2007,AUS,36.7352409362793
YR2007,AUT,23.867000579834
YR2007,AZE,33.2905693054199
YR2007,BDI,
YR2007,BEL,
YR2007,BEN,
YR2007,BFA,0.267089992761612
YR2007,BGD,
YR2007,BGR,
YR2007,BHR,
YR2007,BHS,
YR2007,BIH,
YR2007,BLR,
YR2007,BLZ,
YR2007,BMU,
YR2007,BOL,
YR2007,BRA,9.3326997756958
YR2007,BRB,
YR2007,BRN,
YR2007,BTN,
YR2007,BWA,
YR2007,CAF,
YR2007,CAN,
YR2007,CHE,
YR2007,CHI,
YR2007,CHL,15.0515403747559
YR2007,CHN,
YR2007,CIV,
YR2007,CMR,
YR2007,COD,
YR2007,COG,
YR2007,COL,14.5445404052734
YR2007,COM,
YR2007,CPV,
YR2007,CRI,17.5888500213623
YR2007,CUB,
YR2007,CUW,
YR2007,CYM,45.1990814208984
YR2007,CYP,30.9415702819824
YR2007,CZE,14.0937299728394
YR2007,DEU,27.7127704620361
YR2007,DJI,
YR2007,DMA,
YR2007,DNK,
YR2007,DOM,18.651330947876
YR2007,DZA,
YR2007,ECU,11.4476299285889
YR2007,EGY,
YR2007,ERI,
YR2007,ESP,24.2386608123779
YR2007,EST,
YR2007,ETH,2.38386988639832
YR2007,FIN,
YR2007,FJI,15.9138898849487
YR2007,FRA,22.6165199279785
YR2007,FRO,
YR2007,FSM,
YR2007,GAB,
YR2007,GBR,
YR2007,GEO,
YR2007,GHA,
YR2007,GIB,
YR2007,GIN,
YR2007,GMB,
YR2007,GNB,
YR2007,GNQ,
YR2007,GRC,25.3001708984375
YR2007,GRD,
YR2007,GRL,
YR2007,GTM,
YR2007,GUM,
YR2007,GUY,
YR2007,HKG,
YR2007,HND,7.362380027771
YR2007,HRV,
YR2007,HTI,
YR2007,HUN,
YR2007,IDN,7.10711002349854
YR2007,IMN,
YR2007,IND,
YR2007,IRL,38.2445487976074
YR2007,IRN,
YR2007,IRQ,
YR2007,ISL,
YR2007,ISR,41.7880096435547
YR2007,ITA,11.9416704177856
YR2007,JAM,
YR2007,JOR,
YR2007,JPN,
YR2007,KAZ,56.5807113647461
YR2007,KEN,
YR2007,KGZ,
YR2007,KHM,1.83186995983124
YR2007,KIR,
YR2007,KNA,
YR2007,KOR,
YR2007,KWT,12.8202295303345
YR2007,LAO,
YR2007,LBN,15.36266040802
YR2007,LBR,
YR2007,LBY,
YR2007,LCA,
YR2007,LIE,
YR2007,LKA,
YR2007,LSO,
YR2007,LTU,48.2258415222168
YR2007,LUX,27.4460391998291
YR2007,LVA,27.8459796905518
YR2007,MAC,
YR2007,MAF,
YR2007,MAR,
YR2007,MCO,
YR2007,MDA,30.5661392211914
YR2007,MDG,
YR2007,MDV,
YR2007,MEX,14.4471797943115
YR2007,MHL,
YR2007,MKD,
YR2007,MLI,
YR2007,MLT,17.4835090637207
YR2007,MMR,
YR2007,MNE,
YR2007,MNG,
YR2007,MNP,
YR2007,MOZ,
YR2007,MRT,
YR2007,MUS,
YR2007,MWI,
YR2007,MYS,
YR2007,NAM,
YR2007,NCL,
YR2007,NER,
YR2007,NGA,
YR2007,NIC,
YR2007,NLD,31.5124893188477
YR2007,NOR,31.7250003814697
YR2007,NPL,
YR2007,NRU,
YR2007,NZL,
YR2007,OMN,
YR2007,PAK,
YR2007,PAN,
YR2007,PER,18.2169208526611
YR2007,PHL,
YR2007,PLW,
YR2007,PNG,
YR2007,POL,
YR2007,PRI,40.6750793457031
YR2007,PRK,
YR2007,PRT,11.8091802597046
YR2007,PRY,8.69509983062744
YR2007,PSE,19.0070991516113
YR2007,PYF,17.4837799072266
YR2007,QAT,29.7934494018555
YR2007,ROU,14.6735095977783
YR2007,RUS,
YR2007,RWA,
YR2007,SAU,
YR2007,SDN,
YR2007,SEN,
YR2007,SGP,37.7844009399414
YR2007,SLB,
YR2007,SLE,
YR2007,SLV,6.16616010665894
YR2007,SMR,
YR2007,SOM,
YR2007,SRB,
YR2007,SSD,
YR2007,STP,
YR2007,SUR,
YR2007,SVK,
YR2007,SVN,19.2910709381104
YR2007,SWE,34.2771415710449
YR2007,SWZ,
YR2007,SXM,
YR2007,SYC,
YR2007,SYR,12.9561195373535
YR2007,TCA,
YR2007,TCD,
YR2007,TGO,
YR2007,THA,
YR2007,TJK,
YR2007,TKM,
YR2007,TLS,
YR2007,TON,
YR2007,TTO,
YR2007,TUN,
YR2007,TUR,8.92560958862305
YR2007,TUV,
YR2007,TZA,
YR2007,UGA,
YR2007,UKR,
YR2007,URY,
YR2007,USA,
YR2007,UZB,
YR2007,VCT,
YR2007,VEN,13.9621200561523
YR2007,VGB,
YR2007,VIR,
YR2007,VNM,
YR2007,VUT,
YR2007,WSM,
YR2007,XKX,
YR2007,YEM,
YR2007,ZAF,10.8519601821899
YR2007,ZMB,
YR2007,ZWE,
YR2008,ABW,
YR2008,AFG,
YR2008,AGO,
YR2008,ALB,9.81624031066895
YR2008,AND,
YR2008,ARE,
YR2008,ARG,17.2461490631104
YR2008,ARM,
YR2008,ASM,
YR2008,ATG,
YR2008,AUS,39.3568687438965
YR2008,AUT,23.595760345459
YR2008,AZE,33.3576011657715
YR2008,BDI,
YR2008,BEL,29.3872299194336
YR2008,BEN,
YR2008,BFA,
YR2008,BGD,
YR2008,BGR,
YR2008,BHR,
YR2008,BHS,
YR2008,BIH,
YR2008,BLR,
YR2008,BLZ,
YR2008,BMU,
YR2008,BOL,20.535120010376
YR2008,BRA,10.0150604248047
YR2008,BRB,
YR2008,BRN,
YR2008,BTN,
YR2008,BWA,
YR2008,CAF,
YR2008,CAN,
YR2008,CHE,
YR2008,CHI,
YR2008,CHL,20.924259185791
YR2008,CHN,
YR2008,CIV,
YR2008,CMR,
YR2008,COD,
YR2008,COG,
YR2008,COL,15.3248100280762
YR2008,COM,
YR2008,CPV,
YR2008,CRI,20.4057502746582
YR2008,CUB,
YR2008,CUW,
YR2008,CYM,45.169979095459
YR2008,CYP,31.2834701538086
YR2008,CZE,14.6193599700928
YR2008,DEU,28.8160705566406
YR2008,DJI,
YR2008,DMA,
YR2008,DNK,34.1422882080078
YR2008,DOM,
YR2008,DZA,8.03135967254639
YR2008,ECU,10.9389495849609
YR2008,EGY,
YR2008,ERI,
YR2008,ESP,24.5520896911621
YR2008,EST,
YR2008,ETH,
YR2008,FIN,
YR2008,FJI,
YR2008,FRA,23.0357608795166
YR2008,FRO,
YR2008,FSM,
YR2008,GAB,
YR2008,GBR,
YR2008,GEO,
YR2008,GHA,
YR2008,GIB,
YR2008,GIN,
YR2008,GMB,
YR2008,GNB,
YR2008,GNQ,
YR2008,GRC,25.6896095275879
YR2008,GRD,
YR2008,GRL,
YR2008,GTM,
YR2008,GUM,
YR2008,GUY,
YR2008,HKG,22.5539093017578
YR2008,HND,
YR2008,HRV,
YR2008,HTI,
YR2008,HUN,
YR2008,IDN,6.64938020706177
YR2008,IMN,
YR2008,IND,
YR2008,IRL,
YR2008,IRN,15.7664604187012
YR2008,IRQ,
YR2008,ISL,
YR2008,ISR,
YR2008,ITA,12.5561304092407
YR2008,JAM,
YR2008,JOR,26.8919792175293
YR2008,JPN,
YR2008,KAZ,
YR2008,KEN,
YR2008,KGZ,
YR2008,KHM,1.85405004024506
YR2008,KIR,
YR2008,KNA,
YR2008,KOR,
YR2008,KWT,13.1752195358276
YR2008,LAO,
YR2008,LBN,
YR2008,LBR,
YR2008,LBY,
YR2008,LCA,
YR2008,LIE,
YR2008,LKA,29.3029708862305
YR2008,LSO,5.35050010681152
YR2008,LTU,48.3884887695313
YR2008,LUX,
YR2008,LVA,29.7962303161621
YR2008,MAC,
YR2008,MAF,
YR2008,MAR,
YR2008,MCO,
YR2008,MDA,30.9270000457764
YR2008,MDG,
YR2008,MDV,
YR2008,MEX,14.4625301361084
YR2008,MHL,
YR2008,MKD,
YR2008,MLI,
YR2008,MLT,
YR2008,MMR,
YR2008,MNE,
YR2008,MNG,
YR2008,MNP,
YR2008,MOZ,
YR2008,MRT,
YR2008,MUS,
YR2008,MWI,
YR2008,MYS,
YR2008,NAM,
YR2008,NCL,
YR2008,NER,
YR2008,NGA,
YR2008,NIC,
YR2008,NLD,31.1592292785645
YR2008,NOR,32.840518951416
YR2008,NPL,
YR2008,NRU,
YR2008,NZL,
YR2008,OMN,19.9398307800293
YR2008,PAK,5.97695016860962
YR2008,PAN,
YR2008,PER,18.2095508575439
YR2008,PHL,29.7361507415771
YR2008,PLW,
YR2008,PNG,
YR2008,POL,20.6674900054932
YR2008,PRI,42.7990989685059
YR2008,PRK,
YR2008,PRT,12.1280202865601
YR2008,PRY,10.422459602356
YR2008,PSE,19.4337596893311
YR2008,PYF,
YR2008,QAT,26.4033107757568
YR2008,ROU,15.2645196914673
YR2008,RUS,
YR2008,RWA,
YR2008,SAU,
YR2008,SDN,
YR2008,SEN,
YR2008,SGP,40.4071388244629
YR2008,SLB,
YR2008,SLE,
YR2008,SLV,10.7341804504395
YR2008,SMR,
YR2008,SOM,
YR2008,SRB,14.8457202911377
YR2008,SSD,10.2489595413208
YR2008,STP,
YR2008,SUR,
YR2008,SVK,
YR2008,SVN,20.1217308044434
YR2008,SWE,32.2878189086914
YR2008,SWZ,
YR2008,SXM,
YR2008,SYC,
YR2008,SYR,12.400520324707
YR2008,TCA,
YR2008,TCD,
YR2008,TGO,
YR2008,THA,
YR2008,TJK,
YR2008,TKM,
YR2008,TLS,
YR2008,TON,
YR2008,TTO,44.1119499206543
YR2008,TUN,11.295069694519
YR2008,TUR,9.84591007232666
YR2008,TUV,
YR2008,TZA,
YR2008,UGA,6.86658000946045
YR2008,UKR,
YR2008,URY,14.7526998519897
YR2008,USA,38.2589111328125
YR2008,UZB,
YR2008,VCT,
YR2008,VEN,14.6842603683472
YR2008,VGB,
YR2008,VIR,
YR2008,VNM,
YR2008,VUT,
YR2008,WSM,
YR2008,XKX,
YR2008,YEM,
YR2008,ZAF,11.9939098358154
YR2008,ZMB,
YR2008,ZWE,
YR2009,ABW,
YR2009,AFG,
YR2009,AGO,
YR2009,ALB,
YR2009,AND,
YR2009,ARE,
YR2009,ARG,17.820520401001
YR2009,ARM,
YR2009,ASM,
YR2009,ATG,
YR2009,AUS,40.5558280944824
YR2009,AUT,25.6225490570068
YR2009,AZE,29.8219203948975
YR2009,BDI,
YR2009,BEL,30.6177597045898
YR2009,BEN,
YR2009,BFA,
YR2009,BGD,
YR2009,BGR,
YR2009,BHR,
YR2009,BHS,
YR2009,BIH,
YR2009,BLR,63.376220703125
YR2009,BLZ,
YR2009,BMU,
YR2009,BOL,22.7695903778076
YR2009,BRA,10.5968704223633
YR2009,BRB,
YR2009,BRN,
YR2009,BTN,
YR2009,BWA,
YR2009,CAF,
YR2009,CAN,
YR2009,CHE,33.6849899291992
YR2009,CHI,
YR2009,CHL,
YR2009,CHN,
YR2009,CIV,
YR2009,CMR,
YR2009,COD,
YR2009,COG,
YR2009,COL,14.7220497131348
YR2009,COM,
YR2009,CPV,
YR2009,CRI,20.9174499511719
YR2009,CUB,
YR2009,CUW,
YR2009,CYM,
YR2009,CYP,30.8749599456787
YR2009,CZE,15.717679977417
YR2009,DEU,29.8395595550537
YR2009,DJI,
YR2009,DMA,
YR2009,DNK,
YR2009,DOM,
YR2009,DZA,
YR2009,ECU,11.0747900009155
YR2009,EGY,
YR2009,ERI,
YR2009,ESP,24.9321708679199
YR2009,EST,
YR2009,ETH,
YR2009,FIN,
YR2009,FJI,
YR2009,FRA,24.2047004699707
YR2009,FRO,
YR2009,FSM,
YR2009,GAB,
YR2009,GBR,31.5697002410889
YR2009,GEO,
YR2009,GHA,
YR2009,GIB,
YR2009,GIN,
YR2009,GMB,
YR2009,GNB,
YR2009,GNQ,
YR2009,GRC,
YR2009,GRD,
YR2009,GRL,
YR2009,GTM,
YR2009,GUM,
YR2009,GUY,
YR2009,HKG,22.8436603546143
YR2009,HND,
YR2009,HRV,
YR2009,HTI,
YR2009,HUN,18.7380695343018
YR2009,IDN,7.50207996368408
YR2009,IMN,
YR2009,IND,
YR2009,IRL,
YR2009,IRN,
YR2009,IRQ,
YR2009,ISL,
YR2009,ISR,42.8012809753418
YR2009,ITA,12.5491895675659
YR2009,JAM,
YR2009,JOR,
YR2009,JPN,
YR2009,KAZ,54.7411994934082
YR2009,KEN,7.72847986221313
YR2009,KGZ,26.8490104675293
YR2009,KHM,2.0420401096344
YR2009,KIR,
YR2009,KNA,
YR2009,KOR,28.0064601898193
YR2009,KWT,
YR2009,LAO,
YR2009,LBN,
YR2009,LBR,
YR2009,LBY,
YR2009,LCA,
YR2009,LIE,
YR2009,LKA,29.6438293457031
YR2009,LSO,
YR2009,LTU,48.4815101623535
YR2009,LUX,
YR2009,LVA,30.7826099395752
YR2009,MAC,
YR2009,MAF,
YR2009,MAR,
YR2009,MCO,
YR2009,MDA,31.5182704925537
YR2009,MDG,
YR2009,MDV,
YR2009,MEX,15.4787902832031
YR2009,MHL,
YR2009,MKD,
YR2009,MLI,
YR2009,MLT,
YR2009,MMR,
YR2009,MNE,
YR2009,MNG,
YR2009,MNP,
YR2009,MOZ,
YR2009,MRT,
YR2009,MUS,
YR2009,MWI,
YR2009,MYS,15.611590385437
YR2009,NAM,
YR2009,NCL,
YR2009,NER,
YR2009,NGA,
YR2009,NIC,
YR2009,NLD,31.6965103149414
YR2009,NOR,33.4039497375488
YR2009,NPL,
YR2009,NRU,
YR2009,NZL,
YR2009,OMN,
YR2009,PAK,6.67146015167236
YR2009,PAN,
YR2009,PER,18.7525596618652
YR2009,PHL,
YR2009,PLW,
YR2009,PNG,
YR2009,POL,22.1003704071045
YR2009,PRI,
YR2009,PRK,
YR2009,PRT,12.4961700439453
YR2009,PRY,9.80848026275635
YR2009,PSE,21.8512191772461
YR2009,PYF,
YR2009,QAT,25.1018905639648
YR2009,ROU,15.540060043335
YR2009,RUS,
YR2009,RWA,
YR2009,SAU,
YR2009,SDN,
YR2009,SEN,
YR2009,SGP,40.7291488647461
YR2009,SLB,
YR2009,SLE,
YR2009,SLV,10.8172702789307
YR2009,SMR,
YR2009,SOM,
YR2009,SRB,15.3599901199341
YR2009,SSD,
YR2009,STP,
YR2009,SUR,
YR2009,SVK,
YR2009,SVN,20.7471599578857
YR2009,SWE,33.0457916259766
YR2009,SWZ,
YR2009,SXM,
YR2009,SYC,
YR2009,SYR,12.4389896392822
YR2009,TCA,
YR2009,TCD,
YR2009,TGO,2.94945001602173
YR2009,THA,
YR2009,TJK,
YR2009,TKM,
YR2009,TLS,
YR2009,TON,
YR2009,TTO,43.9411392211914
YR2009,TUN,
YR2009,TUR,10.7113103866577
YR2009,TUV,
YR2009,TZA,
YR2009,UGA,
YR2009,UKR,
YR2009,URY,14.9131298065186
YR2009,USA,38.6207695007324
YR2009,UZB,
YR2009,VCT,
YR2009,VEN,15.9215002059937
YR2009,VGB,
YR2009,VIR,
YR2009,VNM,12.0781002044678
YR2009,VUT,
YR2009,WSM,
YR2009,XKX,
YR2009,YEM,
YR2009,ZAF,12.2494201660156
YR2009,ZMB,
YR2009,ZWE,
YR2010,ABW,32.1175193786621
YR2010,AFG,
YR2010,AGO,
YR2010,ALB,
YR2010,AND,
YR2010,ARE,
YR2010,ARG,18.2467708587646
YR2010,ARM,
YR2010,ASM,
YR2010,ATG,
YR2010,AUS,41.795711517334
YR2010,AUT,26.1673908233643
YR2010,AZE,29.9682292938232
YR2010,BDI,
YR2010,BEL,31.7404499053955
YR2010,BEN,
YR2010,BFA,
YR2010,BGD,
YR2010,BGR,
YR2010,BHR,40.1199493408203
YR2010,BHS,31.2580509185791
YR2010,BIH,9.22542953491211
YR2010,BLR,
YR2010,BLZ,15.4331197738647
YR2010,BMU,51.0059700012207
YR2010,BOL,
YR2010,BRA,11.2994003295898
YR2010,BRB,
YR2010,BRN,
YR2010,BTN,
YR2010,BWA,
YR2010,CAF,
YR2010,CAN,
YR2010,CHE,38.1595802307129
YR2010,CHI,
YR2010,CHL,18.0804500579834
YR2010,CHN,
YR2010,CIV,
YR2010,CMR,13.5078096389771
YR2010,COD,
YR2010,COG,
YR2010,COL,15.6797399520874
YR2010,COM,
YR2010,CPV,
YR2010,CRI,20.0053997039795
YR2010,CUB,
YR2010,CUW,
YR2010,CYM,
YR2010,CYP,32.5500411987305
YR2010,CZE,16.9054698944092
YR2010,DEU,30.2569007873535
YR2010,DJI,
YR2010,DMA,
YR2010,DNK,
YR2010,DOM,10.7861700057983
YR2010,DZA,
YR2010,ECU,11.3620500564575
YR2010,EGY,
YR2010,ERI,
YR2010,ESP,25.7000102996826
YR2010,EST,
YR2010,ETH,
YR2010,FIN,
YR2010,FJI,
YR2010,FRA,24.5187606811523
YR2010,FRO,
YR2010,FSM,
YR2010,GAB,
YR2010,GBR,33.811710357666
YR2010,GEO,
YR2010,GHA,11.3409900665283
YR2010,GIB,
YR2010,GIN,4.99931001663208
YR2010,GMB,
YR2010,GNB,
YR2010,GNQ,
YR2010,GRC,26.841739654541
YR2010,GRD,
YR2010,GRL,
YR2010,GTM,
YR2010,GUM,
YR2010,GUY,
YR2010,HKG,22.9925899505615
YR2010,HND,
YR2010,HRV,
YR2010,HTI,
YR2010,HUN,18.9934902191162
YR2010,IDN,
YR2010,IMN,
YR2010,IND,
YR2010,IRL,44.2548294067383
YR2010,IRN,18.5301399230957
YR2010,IRQ,
YR2010,ISL,
YR2010,ISR,43.2506294250488
YR2010,ITA,12.7826499938965
YR2010,JAM,
YR2010,JOR,27.1125202178955
YR2010,JPN,34.3956184387207
YR2010,KAZ,
YR2010,KEN,7.92327976226807
YR2010,KGZ,
YR2010,KHM,
YR2010,KIR,
YR2010,KNA,
YR2010,KOR,35.3209915161133
YR2010,KWT,
YR2010,LAO,
YR2010,LBN,
YR2010,LBR,
YR2010,LBY,
YR2010,LCA,16.3629894256592
YR2010,LIE,
YR2010,LKA,
YR2010,LSO,
YR2010,LTU,48.8336296081543
YR2010,LUX,
YR2010,LVA,32.6784210205078
YR2010,MAC,
YR2010,MAF,
YR2010,MAR,
YR2010,MCO,
YR2010,MDA,31.6732807159424
YR2010,MDG,
YR2010,MDV,
YR2010,MEX,14.4238395690918
YR2010,MHL,
YR2010,MKD,
YR2010,MLI,
YR2010,MLT,19.3423500061035
YR2010,MMR,
YR2010,MNE,
YR2010,MNG,35.5256614685059
YR2010,MNP,
YR2010,MOZ,
YR2010,MRT,
YR2010,MUS,
YR2010,MWI,
YR2010,MYS,16.3695392608643
YR2010,NAM,
YR2010,NCL,
YR2010,NER,
YR2010,NGA,
YR2010,NIC,
YR2010,NLD,32.1887702941895
YR2010,NOR,34.2061805725098
YR2010,NPL,
YR2010,NRU,
YR2010,NZL,
YR2010,OMN,18.7046298980713
YR2010,PAK,6.97446012496948
YR2010,PAN,22.7399501800537
YR2010,PER,20.8735904693604
YR2010,PHL,31.2528991699219
YR2010,PLW,
YR2010,PNG,
YR2010,POL,23.5479202270508
YR2010,PRI,
YR2010,PRK,
YR2010,PRT,13.1550903320313
YR2010,PRY,
YR2010,PSE,21.9904098510742
YR2010,PYF,
YR2010,QAT,18.6600494384766
YR2010,ROU,15.9055700302124
YR2010,RUS,63.0593795776367
YR2010,RWA,
YR2010,SAU,
YR2010,SDN,
YR2010,SEN,
YR2010,SGP,46.4755783081055
YR2010,SLB,
YR2010,SLE,
YR2010,SLV,6.78207015991211
YR2010,SMR,
YR2010,SOM,
YR2010,SRB,15.721360206604
YR2010,SSD,
YR2010,STP,
YR2010,SUR,
YR2010,SVK,
YR2010,SVN,21.2394199371338
YR2010,SWE,33.8039703369141
YR2010,SWZ,
YR2010,SXM,
YR2010,SYC,
YR2010,SYR,
YR2010,TCA,
YR2010,TCD,
YR2010,TGO,
YR2010,THA,12.9012298583984
YR2010,TJK,
YR2010,TKM,
YR2010,TLS,
YR2010,TON,
YR2010,TTO,
YR2010,TUN,12.5006303787231
YR2010,TUR,11.5272998809814
YR2010,TUV,
YR2010,TZA,
YR2010,UGA,8.1946496963501
YR2010,UKR,
YR2010,URY,14.7158203125
YR2010,USA,39.1374206542969
YR2010,UZB,
YR2010,VCT,
YR2010,VEN,
YR2010,VGB,
YR2010,VIR,
YR2010,VNM,
YR2010,VUT,
YR2010,WSM,
YR2010,XKX,
YR2010,YEM,
YR2010,ZAF,12.4131603240967
YR2010,ZMB,
YR2010,ZWE,
YR2011,ABW,
YR2011,AFG,
YR2011,AGO,
YR2011,ALB,12.0026302337646
YR2011,AND,
YR2011,ARE,
YR2011,ARG,18.4053401947021
YR2011,ARM,46.9643898010254
YR2011,ASM,
YR2011,ATG,
YR2011,AUS,42.7026596069336
YR2011,AUT,26.338830947876
YR2011,AZE,30.0022201538086
YR2011,BDI,
YR2011,BEL,32.1562805175781
YR2011,BEN,
YR2011,BFA,
YR2011,BGD,10.2457599639893
YR2011,BGR,
YR2011,BHR,
YR2011,BHS,
YR2011,BIH,9.84786033630371
YR2011,BLR,
YR2011,BLZ,
YR2011,BMU,
YR2011,BOL,
YR2011,BRA,11.4495601654053
YR2011,BRB,
YR2011,BRN,23.781810760498
YR2011,BTN,
YR2011,BWA,
YR2011,CAF,
YR2011,CAN,59.640308380127
YR2011,CHE,38.6992301940918
YR2011,CHI,
YR2011,CHL,15.166130065918
YR2011,CHN,
YR2011,CIV,
YR2011,CMR,
YR2011,COD,
YR2011,COG,
YR2011,COL,16.2140693664551
YR2011,COM,
YR2011,CPV,
YR2011,CRI,20.5672607421875
YR2011,CUB,
YR2011,CUW,
YR2011,CYM,
YR2011,CYP,34.0431900024414
YR2011,CZE,18.1758708953857
YR2011,DEU,31.1494998931885
YR2011,DJI,
YR2011,DMA,
YR2011,DNK,
YR2011,DOM,10.2719602584839
YR2011,DZA,
YR2011,ECU,10.6737604141235
YR2011,EGY,
YR2011,ERI,
YR2011,ESP,26.5146598815918
YR2011,EST,
YR2011,ETH,5.89541006088257
YR2011,FIN,
YR2011,FJI,
YR2011,FRA,25.2229690551758
YR2011,FRO,
YR2011,FSM,
YR2011,GAB,
YR2011,GBR,33.0590400695801
YR2011,GEO,
YR2011,GHA,
YR2011,GIB,
YR2011,GIN,
YR2011,GMB,
YR2011,GNB,
YR2011,GNQ,
YR2011,GRC,
YR2011,GRD,
YR2011,GRL,
YR2011,GTM,
YR2011,GUM,
YR2011,GUY,
YR2011,HKG,24.5232696533203
YR2011,HND,8.02832984924316
YR2011,HRV,18.2915592193604
YR2011,HTI,
YR2011,HUN,21.675479888916
YR2011,IDN,7.88074016571045
YR2011,IMN,
YR2011,IND,10.0123796463013
YR2011,IRL,37.7941513061523
YR2011,IRN,
YR2011,IRQ,
YR2011,ISL,
YR2011,ISR,44.0789909362793
YR2011,ITA,12.789529800415
YR2011,JAM,13.9509696960449
YR2011,JOR,
YR2011,JPN,
YR2011,KAZ,
YR2011,KEN,
YR2011,KGZ,
YR2011,KHM,
YR2011,KIR,
YR2011,KNA,
YR2011,KOR,
YR2011,KWT,
YR2011,LAO,
YR2011,LBN,
YR2011,LBR,
YR2011,LBY,
YR2011,LCA,
YR2011,LIE,
YR2011,LKA,
YR2011,LSO,
YR2011,LTU,49.6498107910156
YR2011,LUX,
YR2011,LVA,34.3202018737793
YR2011,MAC,19.587610244751
YR2011,MAF,
YR2011,MAR,
YR2011,MCO,
YR2011,MDA,32.8204803466797
YR2011,MDG,
YR2011,MDV,
YR2011,MEX,
YR2011,MHL,17.441499710083
YR2011,MKD,
YR2011,MLI,3.22351002693176
YR2011,MLT,19.921070098877
YR2011,MMR,
YR2011,MNE,19.571460723877
YR2011,MNG,
YR2011,MNP,
YR2011,MOZ,1.93096005916595
YR2011,MRT,
YR2011,MUS,12.6566600799561
YR2011,MWI,
YR2011,MYS,
YR2011,NAM,
YR2011,NCL,
YR2011,NER,
YR2011,NGA,
YR2011,NIC,
YR2011,NLD,31.6273803710938
YR2011,NOR,35.2059593200684
YR2011,NPL,9.45967960357666
YR2011,NRU,
YR2011,NZL,47.3217315673828
YR2011,OMN,
YR2011,PAK,7.36818981170654
YR2011,PAN,
YR2011,PER,21.2449798583984
YR2011,PHL,
YR2011,PLW,
YR2011,PNG,
YR2011,POL,24.4025897979736
YR2011,PRI,54.7397994995117
YR2011,PRK,
YR2011,PRT,14.4505300521851
YR2011,PRY,
YR2011,PSE,23.5829391479492
YR2011,PYF,
YR2011,QAT,22.1442909240723
YR2011,ROU,16.6837596893311
YR2011,RUS,
YR2011,RWA,
YR2011,SAU,
YR2011,SDN,
YR2011,SEN,2.98130011558533
YR2011,SGP,46.9351692199707
YR2011,SLB,
YR2011,SLE,
YR2011,SLV,10.2079801559448
YR2011,SMR,
YR2011,SOM,
YR2011,SRB,19.1687107086182
YR2011,SSD,
YR2011,STP,
YR2011,SUR,
YR2011,SVK,20.6529293060303
YR2011,SVN,22.2077693939209
YR2011,SWE,34.5561981201172
YR2011,SWZ,
YR2011,SXM,
YR2011,SYC,
YR2011,SYR,
YR2011,TCA,
YR2011,TCD,
YR2011,TGO,5.43935012817383
YR2011,THA,
YR2011,TJK,
YR2011,TKM,
YR2011,TLS,
YR2011,TON,16.7802295684814
YR2011,TTO,23.9143199920654
YR2011,TUN,13.2652997970581
YR2011,TUR,12.7643203735352
YR2011,TUV,
YR2011,TZA,
YR2011,UGA,
YR2011,UKR,
YR2011,URY,10.940710067749
YR2011,USA,39.944938659668
YR2011,UZB,
YR2011,VCT,
YR2011,VEN,24.8644104003906
YR2011,VGB,
YR2011,VIR,
YR2011,VNM,
YR2011,VUT,
YR2011,WSM,15.2638702392578
YR2011,XKX,
YR2011,YEM,
YR2011,ZAF,12.7268295288086
YR2011,ZMB,
YR2011,ZWE,
YR2012,ABW,
YR2012,AFG,
YR2012,AGO,
YR2012,ALB,12.8996601104736
YR2012,AND,
YR2012,ARE,
YR2012,ARG,18.8033409118652
YR2012,ARM,
YR2012,ASM,
YR2012,ATG,
YR2012,AUS,46.461971282959
YR2012,AUT,26.9906406402588
YR2012,AZE,30.0363502502441
YR2012,BDI,
YR2012,BEL,32.7122497558594
YR2012,BEN,
YR2012,BFA,
YR2012,BGD,10.507209777832
YR2012,BGR,
YR2012,BHR,
YR2012,BHS,
YR2012,BIH,
YR2012,BLR,
YR2012,BLZ,
YR2012,BMU,
YR2012,BOL,24.0322399139404
YR2012,BRA,11.9615001678467
YR2012,BRB,
YR2012,BRN,
YR2012,BTN,5.38001012802124
YR2012,BWA,
YR2012,CAF,
YR2012,CAN,
YR2012,CHE,40.2242202758789
YR2012,CHI,
YR2012,CHL,
YR2012,CHN,
YR2012,CIV,
YR2012,CMR,
YR2012,COD,
YR2012,COG,
YR2012,COL,17.0799694061279
YR2012,COM,
YR2012,CPV,
YR2012,CRI,20.9871406555176
YR2012,CUB,30.6934604644775
YR2012,CUW,
YR2012,CYM,
YR2012,CYP,35.6713409423828
YR2012,CZE,19.0093002319336
YR2012,DEU,31.7936401367188
YR2012,DJI,
YR2012,DMA,
YR2012,DNK,
YR2012,DOM,10.7886600494385
YR2012,DZA,
YR2012,ECU,12.0028495788574
YR2012,EGY,
YR2012,ERI,
YR2012,ESP,26.9708194732666
YR2012,EST,
YR2012,ETH,
YR2012,FIN,
YR2012,FJI,
YR2012,FRA,26.0628604888916
YR2012,FRO,
YR2012,FSM,
YR2012,GAB,
YR2012,GBR,36.9503593444824
YR2012,GEO,49.6711807250977
YR2012,GHA,
YR2012,GIB,
YR2012,GIN,
YR2012,GMB,
YR2012,GNB,
YR2012,GNQ,
YR2012,GRC,
YR2012,GRD,
YR2012,GRL,13.3641300201416
YR2012,GTM,2.83538007736206
YR2012,GUM,
YR2012,GUY,
YR2012,HKG,
YR2012,HND,7.13872003555298
YR2012,HRV,
YR2012,HTI,
YR2012,HUN,22.8525390625
YR2012,IDN,
YR2012,IMN,
YR2012,IND,
YR2012,IRL,
YR2012,IRN,19.7987003326416
YR2012,IRQ,
YR2012,ISL,
YR2012,ISR,44.6699714660645
YR2012,ITA,13.5408096313477
YR2012,JAM,
YR2012,JOR,
YR2012,JPN,
YR2012,KAZ,
YR2012,KEN,
YR2012,KGZ,
YR2012,KHM,
YR2012,KIR,
YR2012,KNA,
YR2012,KOR,
YR2012,KWT,16.498649597168
YR2012,LAO,
YR2012,LBN,
YR2012,LBR,
YR2012,LBY,
YR2012,LCA,
YR2012,LIE,
YR2012,LKA,
YR2012,LSO,
YR2012,LTU,49.688850402832
YR2012,LUX,
YR2012,LVA,35.8071594238281
YR2012,MAC,
YR2012,MAF,
YR2012,MAR,
YR2012,MCO,
YR2012,MDA,43.5240097045898
YR2012,MDG,
YR2012,MDV,
YR2012,MEX,16.3126907348633
YR2012,MHL,
YR2012,MKD,
YR2012,MLI,
YR2012,MLT,22.4357604980469
YR2012,MMR,
YR2012,MNE,
YR2012,MNG,
YR2012,MNP,
YR2012,MOZ,
YR2012,MRT,
YR2012,MUS,
YR2012,MWI,
YR2012,MYS,
YR2012,NAM,
YR2012,NCL,
YR2012,NER,1.70499002933502
YR2012,NGA,
YR2012,NIC,
YR2012,NLD,32.0577507019043
YR2012,NOR,
YR2012,NPL,
YR2012,NRU,
YR2012,NZL,47.0341491699219
YR2012,OMN,
YR2012,PAK,7.54163980484009
YR2012,PAN,
YR2012,PER,22.1546897888184
YR2012,PHL,
YR2012,PLW,
YR2012,PNG,
YR2012,POL,25.1213092803955
YR2012,PRI,
YR2012,PRK,
YR2012,PRT,15.5597200393677
YR2012,PRY,10.8557195663452
YR2012,PSE,24.8223209381104
YR2012,PYF,
YR2012,QAT,25.3007907867432
YR2012,ROU,17.0980491638184
YR2012,RUS,
YR2012,RWA,3.62481999397278
YR2012,SAU,
YR2012,SDN,
YR2012,SEN,
YR2012,SGP,48.6826095581055
YR2012,SLB,
YR2012,SLE,
YR2012,SLV,11.2188596725464
YR2012,SMR,
YR2012,SOM,
YR2012,SRB,
YR2012,SSD,
YR2012,STP,3.2590799331665
YR2012,SUR,
YR2012,SVK,17.1679096221924
YR2012,SVN,23.6669502258301
YR2012,SWE,35.2411804199219
YR2012,SWZ,
YR2012,SXM,
YR2012,SYC,
YR2012,SYR,
YR2012,TCA,
YR2012,TCD,
YR2012,TGO,
YR2012,THA,
YR2012,TJK,
YR2012,TKM,
YR2012,TLS,
YR2012,TON,
YR2012,TTO,
YR2012,TUN,12.3531398773193
YR2012,TUR,13.3758897781372
YR2012,TUV,
YR2012,TZA,2.55563998222351
YR2012,UGA,8.14536952972412
YR2012,UKR,
YR2012,URY,10.8821496963501
YR2012,USA,40.6632308959961
YR2012,UZB,
YR2012,VCT,
YR2012,VEN,
YR2012,VGB,
YR2012,VIR,
YR2012,VNM,
YR2012,VUT,
YR2012,WSM,
YR2012,XKX,
YR2012,YEM,
YR2012,ZAF,13.6019697189331
YR2012,ZMB,
YR2012,ZWE,3.39971995353699
YR2013,ABW,
YR2013,AFG,
YR2013,AGO,
YR2013,ALB,
YR2013,AND,
YR2013,ARE,
YR2013,ARG,19.0403594970703
YR2013,ARM,
YR2013,ASM,
YR2013,ATG,
YR2013,AUS,41.6409111022949
YR2013,AUT,27.8275604248047
YR2013,AZE,30.033130645752
YR2013,BDI,
YR2013,BEL,32.9851417541504
YR2013,BEN,
YR2013,BFA,
YR2013,BGD,9.41856002807617
YR2013,BGR,
YR2013,BHR,
YR2013,BHS,
YR2013,BIH,
YR2013,BLR,
YR2013,BLZ,
YR2013,BMU,
YR2013,BOL,
YR2013,BRA,12.6315698623657
YR2013,BRB,
YR2013,BRN,
YR2013,BTN,
YR2013,BWA,
YR2013,CAF,
YR2013,CAN,
YR2013,CHE,
YR2013,CHI,
YR2013,CHL,18.3268604278564
YR2013,CHN,
YR2013,CIV,
YR2013,CMR,
YR2013,COD,5.42532014846802
YR2013,COG,
YR2013,COL,18.5945796966553
YR2013,COM,
YR2013,CPV,
YR2013,CRI,
YR2013,CUB,
YR2013,CUW,
YR2013,CYM,
YR2013,CYP,35.7547416687012
YR2013,CZE,19.9570407867432
YR2013,DEU,32.3349189758301
YR2013,DJI,
YR2013,DMA,
YR2013,DNK,
YR2013,DOM,10.8585901260376
YR2013,DZA,
YR2013,ECU,12.7312202453613
YR2013,EGY,
YR2013,ERI,
YR2013,ESP,
YR2013,EST,
YR2013,ETH,
YR2013,FIN,34.354549407959
YR2013,FJI,
YR2013,FRA,27.3704700469971
YR2013,FRO,
YR2013,FSM,
YR2013,GAB,
YR2013,GBR,37.8567390441895
YR2013,GEO,
YR2013,GHA,
YR2013,GIB,
YR2013,GIN,
YR2013,GMB,
YR2013,GNB,
YR2013,GNQ,
YR2013,GRC,
YR2013,GRD,
YR2013,GRL,
YR2013,GTM,3.35548996925354
YR2013,GUM,
YR2013,GUY,
YR2013,HKG,
YR2013,HND,
YR2013,HRV,
YR2013,HTI,
YR2013,HUN,29.0240802764893
YR2013,IDN,
YR2013,IMN,
YR2013,IND,
YR2013,IRL,
YR2013,IRN,21.3142108917236
YR2013,IRQ,19.9207496643066
YR2013,ISL,
YR2013,ISR,45.4160499572754
YR2013,ITA,
YR2013,JAM,
YR2013,JOR,
YR2013,JPN,
YR2013,KAZ,
YR2013,KEN,
YR2013,KGZ,
YR2013,KHM,
YR2013,KIR,
YR2013,KNA,
YR2013,KOR,
YR2013,KWT,13.7716503143311
YR2013,LAO,
YR2013,LBN,
YR2013,LBR,
YR2013,LBY,
YR2013,LCA,15.450309753418
YR2013,LIE,
YR2013,LKA,
YR2013,LSO,
YR2013,LTU,49.591121673584
YR2013,LUX,
YR2013,LVA,37.8983116149902
YR2013,MAC,
YR2013,MAF,
YR2013,MAR,
YR2013,MCO,
YR2013,MDA,
YR2013,MDG,
YR2013,MDV,
YR2013,MEX,14.7768001556396
YR2013,MHL,
YR2013,MKD,
YR2013,MLI,
YR2013,MLT,23.4369106292725
YR2013,MMR,
YR2013,MNE,
YR2013,MNG,
YR2013,MNP,
YR2013,MOZ,
YR2013,MRT,
YR2013,MUS,
YR2013,MWI,
YR2013,MYS,
YR2013,NAM,
YR2013,NCL,
YR2013,NER,
YR2013,NGA,
YR2013,NIC,
YR2013,NLD,30.2877502441406
YR2013,NOR,
YR2013,NPL,
YR2013,NRU,
YR2013,NZL,
YR2013,OMN,
YR2013,PAK,7.9913501739502
YR2013,PAN,
YR2013,PER,21.3395099639893
YR2013,PHL,32.8508415222168
YR2013,PLW,
YR2013,PNG,
YR2013,POL,25.9972400665283
YR2013,PRI,
YR2013,PRK,
YR2013,PRT,16.3137702941895
YR2013,PRY,13.665060043335
YR2013,PSE,22.5374507904053
YR2013,PYF,
YR2013,QAT,25.0186500549316
YR2013,ROU,17.3730602264404
YR2013,RUS,
YR2013,RWA,
YR2013,SAU,25.8880405426025
YR2013,SDN,
YR2013,SEN,4.26378011703491
YR2013,SGP,50.0018692016602
YR2013,SLB,
YR2013,SLE,
YR2013,SLV,10.1643600463867
YR2013,SMR,
YR2013,SOM,
YR2013,SRB,18.215030670166
YR2013,SSD,
YR2013,STP,
YR2013,SUR,
YR2013,SVK,17.8810997009277
YR2013,SVN,24.8217792510986
YR2013,SWE,35.920539855957
YR2013,SWZ,
YR2013,SXM,
YR2013,SYC,
YR2013,SYR,
YR2013,TCA,
YR2013,TCD,
YR2013,TGO,
YR2013,THA,
YR2013,TJK,
YR2013,TKM,
YR2013,TLS,
YR2013,TON,
YR2013,TTO,
YR2013,TUN,
YR2013,TUR,14.8832502365112
YR2013,TUV,
YR2013,TZA,
YR2013,UGA,
YR2013,UKR,
YR2013,URY,11.7874202728271
YR2013,USA,41.5046691894531
YR2013,UZB,51.9322891235352
YR2013,VCT,
YR2013,VEN,
YR2013,VGB,
YR2013,VIR,
YR2013,VNM,
YR2013,VUT,
YR2013,WSM,
YR2013,XKX,
YR2013,YEM,
YR2013,ZAF,
YR2013,ZMB,
YR2013,ZWE,
YR2014,ABW,
YR2014,AFG,
YR2014,AGO,2.63389992713928
YR2014,ALB,
YR2014,AND,32.681079864502
YR2014,ARE,
YR2014,ARG,18.7846908569336
YR2014,ARM,
YR2014,ASM,
YR2014,ATG,
YR2014,AUS,39.0349807739258
YR2014,AUT,28.4185199737549
YR2014,AZE,30.0571193695068
YR2014,BDI,1.35280001163483
YR2014,BEL,32.8033905029297
YR2014,BEN,
YR2014,BFA,0.0
YR2014,BGD,10.2895097732544
YR2014,BGR,
YR2014,BHR,
YR2014,BHS,
YR2014,BIH,11.3008403778076
YR2014,BLR,
YR2014,BLZ,
YR2014,BMU,
YR2014,BOL,
YR2014,BRA,13.1573696136475
YR2014,BRB,
YR2014,BRN,
YR2014,BTN,
YR2014,BWA,
YR2014,CAF,
YR2014,CAN,
YR2014,CHE,
YR2014,CHI,
YR2014,CHL,
YR2014,CHN,
YR2014,CIV,5.30774021148682
YR2014,CMR,
YR2014,COD,
YR2014,COG,
YR2014,COL,19.7050495147705
YR2014,COM,
YR2014,CPV,
YR2014,CRI,23.4954795837402
YR2014,CUB,
YR2014,CUW,
YR2014,CYM,54.7882804870605
YR2014,CYP,37.2242889404297
YR2014,CZE,18.9672508239746
YR2014,DEU,33.4242095947266
YR2014,DJI,
YR2014,DMA,
YR2014,DNK,
YR2014,DOM,11.7863502502441
YR2014,DZA,
YR2014,ECU,11.7284297943115
YR2014,EGY,
YR2014,ERI,
YR2014,ESP,28.9789295196533
YR2014,EST,
YR2014,ETH,
YR2014,FIN,34.8222808837891
YR2014,FJI,
YR2014,FRA,28.6629791259766
YR2014,FRO,
YR2014,FSM,
YR2014,GAB,
YR2014,GBR,38.9803009033203
YR2014,GEO,49.4118804931641
YR2014,GHA,
YR2014,GIB,
YR2014,GIN,5.39379978179932
YR2014,GMB,
YR2014,GNB,
YR2014,GNQ,
YR2014,GRC,29.7684898376465
YR2014,GRD,
YR2014,GRL,13.6853704452515
YR2014,GTM,10.3073997497559
YR2014,GUM,
YR2014,GUY,
YR2014,HKG,26.9329109191895
YR2014,HND,9.77357959747314
YR2014,HRV,
YR2014,HTI,
YR2014,HUN,28.2089099884033
YR2014,IDN,8.65480041503906
YR2014,IMN,
YR2014,IND,
YR2014,IRL,
YR2014,IRN,21.729959487915
YR2014,IRQ,
YR2014,ISL,
YR2014,ISR,46.7905883789063
YR2014,ITA,14.4479999542236
YR2014,JAM,
YR2014,JOR,
YR2014,JPN,
YR2014,KAZ,
YR2014,KEN,
YR2014,KGZ,
YR2014,KHM,5.92988014221191
YR2014,KIR,
YR2014,KNA,
YR2014,KOR,
YR2014,KWT,
YR2014,LAO,
YR2014,LBN,
YR2014,LBR,
YR2014,LBY,
YR2014,LCA,
YR2014,LIE,
YR2014,LKA,
YR2014,LSO,
YR2014,LTU,50.885669708252
YR2014,LUX,
YR2014,LVA,37.5948104858398
YR2014,MAC,
YR2014,MAF,
YR2014,MAR,
YR2014,MCO,
YR2014,MDA,
YR2014,MDG,
YR2014,MDV,
YR2014,MEX,14.4319295883179
YR2014,MHL,
YR2014,MKD,
YR2014,MLI,
YR2014,MLT,23.7131195068359
YR2014,MMR,
YR2014,MNE,
YR2014,MNG,
YR2014,MNP,
YR2014,MOZ,
YR2014,MRT,
YR2014,MUS,
YR2014,MWI,
YR2014,MYS,
YR2014,NAM,
YR2014,NCL,
YR2014,NER,
YR2014,NGA,
YR2014,NIC,
YR2014,NLD,30.5605792999268
YR2014,NOR,37.5375518798828
YR2014,NPL,
YR2014,NRU,
YR2014,NZL,45.7995300292969
YR2014,OMN,
YR2014,PAK,8.75331020355225
YR2014,PAN,
YR2014,PER,21.118480682373
YR2014,PHL,
YR2014,PLW,
YR2014,PNG,
YR2014,POL,27.1228694915771
YR2014,PRI,
YR2014,PRK,
YR2014,PRT,17.9767093658447
YR2014,PRY,13.6463804244995
YR2014,PSE,22.7333908081055
YR2014,PYF,
YR2014,QAT,24.5754299163818
YR2014,ROU,17.2269802093506
YR2014,RUS,
YR2014,RWA,3.32374000549316
YR2014,SAU,
YR2014,SDN,
YR2014,SEN,
YR2014,SGP,51.1525802612305
YR2014,SLB,
YR2014,SLE,
YR2014,SLV,
YR2014,SMR,
YR2014,SOM,
YR2014,SRB,20.3467502593994
YR2014,SSD,
YR2014,STP,
YR2014,SUR,
YR2014,SVK,19.4953899383545
YR2014,SVN,25.1138591766357
YR2014,SWE,36.5774383544922
YR2014,SWZ,
YR2014,SXM,
YR2014,SYC,
YR2014,SYR,
YR2014,TCA,
YR2014,TCD,
YR2014,TGO,
YR2014,THA,
YR2014,TJK,
YR2014,TKM,
YR2014,TLS,
YR2014,TON,
YR2014,TTO,
YR2014,TUN,
YR2014,TUR,15.8283195495605
YR2014,TUV,
YR2014,TZA,
YR2014,UGA,
YR2014,UKR,
YR2014,URY,12.1393804550171
YR2014,USA,41.8897018432617
YR2014,UZB,54.947639465332
YR2014,VCT,
YR2014,VEN,
YR2014,VGB,
YR2014,VIR,
YR2014,VNM,
YR2014,VUT,
YR2014,WSM,
YR2014,XKX,
YR2014,YEM,
YR2014,ZAF,14.615180015564
YR2014,ZMB,
YR2014,ZWE,13.0527400970459
YR2015,ABW,
YR2015,AFG,
YR2015,AGO,
YR2015,ALB,
YR2015,AND,32.4202499389648
YR2015,ARE,
YR2015,ARG,18.576150894165
YR2015,ARM,50.5606384277344
YR2015,ASM,
YR2015,ATG,
YR2015,AUS,45.3450698852539
YR2015,AUT,29.1428203582764
YR2015,AZE,30.0416603088379
YR2015,BDI,
YR2015,BEL,33.2611503601074
YR2015,BEN,
YR2015,BFA,
YR2015,BGD,13.9909801483154
YR2015,BGR,
YR2015,BHR,
YR2015,BHS,
YR2015,BIH,11.4720802307129
YR2015,BLR,
YR2015,BLZ,
YR2015,BMU,
YR2015,BOL,24.0495700836182
YR2015,BRA,13.5562496185303
YR2015,BRB,
YR2015,BRN,
YR2015,BTN,
YR2015,BWA,
YR2015,CAF,
YR2015,CAN,
YR2015,CHE,
YR2015,CHI,
YR2015,CHL,19.8092098236084
YR2015,CHN,
YR2015,CIV,
YR2015,CMR,
YR2015,COD,
YR2015,COG,
YR2015,COL,19.5199699401855
YR2015,COM,
YR2015,CPV,11.8696203231812
YR2015,CRI,21.9095706939697
YR2015,CUB,
YR2015,CUW,
YR2015,CYM,54.8526992797852
YR2015,CYP,36.899299621582
YR2015,CZE,19.5305309295654
YR2015,DEU,34.4100914001465
YR2015,DJI,
YR2015,DMA,
YR2015,DNK,34.8797302246094
YR2015,DOM,12.380350112915
YR2015,DZA,
YR2015,ECU,13.6028995513916
YR2015,EGY,
YR2015,ERI,
YR2015,ESP,29.2910804748535
YR2015,EST,
YR2015,ETH,
YR2015,FIN,35.0964317321777
YR2015,FJI,
YR2015,FRA,30.495080947876
YR2015,FRO,
YR2015,FSM,
YR2015,GAB,
YR2015,GBR,
YR2015,GEO,
YR2015,GHA,
YR2015,GIB,
YR2015,GIN,
YR2015,GMB,8.03147029876709
YR2015,GNB,
YR2015,GNQ,
YR2015,GRC,30.480489730835
YR2015,GRD,
YR2015,GRL,13.7005100250244
YR2015,GTM,
YR2015,GUM,
YR2015,GUY,
YR2015,HKG,27.9346199035645
YR2015,HND,9.6653299331665
YR2015,HRV,
YR2015,HTI,
YR2015,HUN,28.7417697906494
YR2015,IDN,9.24635982513428
YR2015,IMN,
YR2015,IND,
YR2015,IRL,
YR2015,IRN,
YR2015,IRQ,
YR2015,ISL,
YR2015,ISR,47.0739784240723
YR2015,ITA,14.9665002822876
YR2015,JAM,
YR2015,JOR,
YR2015,JPN,
YR2015,KAZ,
YR2015,KEN,
YR2015,KGZ,
YR2015,KHM,5.8321099281311
YR2015,KIR,
YR2015,KNA,
YR2015,KOR,40.3022689819336
YR2015,KWT,15.0222702026367
YR2015,LAO,
YR2015,LBN,
YR2015,LBR,
YR2015,LBY,
YR2015,LCA,
YR2015,LIE,
YR2015,LKA,
YR2015,LSO,
YR2015,LTU,52.131290435791
YR2015,LUX,69.071662902832
YR2015,LVA,37.4368705749512
YR2015,MAC,
YR2015,MAF,
YR2015,MAR,
YR2015,MCO,
YR2015,MDA,
YR2015,MDG,
YR2015,MDV,
YR2015,MEX,16.2725505828857
YR2015,MHL,
YR2015,MKD,
YR2015,MLI,2.07246994972229
YR2015,MLT,24.0651206970215
YR2015,MMR,
YR2015,MNE,
YR2015,MNG,
YR2015,MNP,
YR2015,MOZ,1.80533003807068
YR2015,MRT,
YR2015,MUS,
YR2015,MWI,
YR2015,MYS,
YR2015,NAM,
YR2015,NCL,
YR2015,NER,
YR2015,NGA,
YR2015,NIC,
YR2015,NLD,31.209810256958
YR2015,NOR,38.0225410461426
YR2015,NPL,
YR2015,NRU,
YR2015,NZL,44.1958999633789
YR2015,OMN,21.288990020752
YR2015,PAK,
YR2015,PAN,
YR2015,PER,20.8770294189453
YR2015,PHL,
YR2015,PLW,
YR2015,PNG,
YR2015,POL,
YR2015,PRI,
YR2015,PRK,
YR2015,PRT,18.7413902282715
YR2015,PRY,14.5206499099731
YR2015,PSE,23.4898109436035
YR2015,PYF,
YR2015,QAT,
YR2015,ROU,17.7632293701172
YR2015,RUS,
YR2015,RWA,
YR2015,SAU,
YR2015,SDN,
YR2015,SEN,
YR2015,SGP,52.0410003662109
YR2015,SLB,
YR2015,SLE,
YR2015,SLV,
YR2015,SMR,
YR2015,SOM,
YR2015,SRB,21.7399997711182
YR2015,SSD,
YR2015,STP,
YR2015,SUR,
YR2015,SVK,20.6261596679688
YR2015,SVN,26.1437892913818
YR2015,SWE,37.2194213867188
YR2015,SWZ,
YR2015,SXM,
YR2015,SYC,
YR2015,SYR,
YR2015,TCA,
YR2015,TCD,
YR2015,TGO,
YR2015,THA,
YR2015,TJK,
YR2015,TKM,
YR2015,TLS,
YR2015,TON,
YR2015,TTO,
YR2015,TUN,
YR2015,TUR,17.3935794830322
YR2015,TUV,
YR2015,TZA,
YR2015,UGA,
YR2015,UKR,
YR2015,URY,12.4214000701904
YR2015,USA,42.3375091552734
YR2015,UZB,55.3037414550781
YR2015,VCT,
YR2015,VEN,30.7809600830078
YR2015,VGB,
YR2015,VIR,
YR2015,VNM,
YR2015,VUT,
YR2015,WSM,
YR2015,XKX,
YR2015,YEM,
YR2015,ZAF,15.1957597732544
YR2015,ZMB,
YR2015,ZWE,
YR2016,ABW,
YR2016,AFG,
YR2016,AGO,
YR2016,ALB,
YR2016,AND,32.229190826416
YR2016,ARE,43.4736099243164
YR2016,ARG,19.4222507476807
YR2016,ARM,
YR2016,ASM,
YR2016,ATG,
YR2016,AUS,46.4734306335449
YR2016,AUT,29.4428405761719
YR2016,AZE,30.0917091369629
YR2016,BDI,
YR2016,BEL,33.7627182006836
YR2016,BEN,
YR2016,BFA,
YR2016,BGD,14.3473196029663
YR2016,BGR,
YR2016,BHR,23.9291496276855
YR2016,BHS,
YR2016,BIH,11.8764600753784
YR2016,BLR,
YR2016,BLZ,
YR2016,BMU,54.7408485412598
YR2016,BOL,
YR2016,BRA,15.3451795578003
YR2016,BRB,
YR2016,BRN,
YR2016,BTN,
YR2016,BWA,
YR2016,CAF,
YR2016,CAN,60.4142990112305
YR2016,CHE,
YR2016,CHI,
YR2016,CHL,
YR2016,CHN,
YR2016,CIV,
YR2016,CMR,
YR2016,COD,9.11783981323242
YR2016,COG,
YR2016,COL,20.1363105773926
YR2016,COM,
YR2016,CPV,
YR2016,CRI,21.4458408355713
YR2016,CUB,
YR2016,CUW,
YR2016,CYM,
YR2016,CYP,38.237621307373
YR2016,CZE,20.2412490844727
YR2016,DEU,35.6527214050293
YR2016,DJI,
YR2016,DMA,
YR2016,DNK,35.7636909484863
YR2016,DOM,22.5186195373535
YR2016,DZA,
YR2016,ECU,13.4826698303223
YR2016,EGY,
YR2016,ERI,
YR2016,ESP,29.8358497619629
YR2016,EST,
YR2016,ETH,
YR2016,FIN,
YR2016,FJI,
YR2016,FRA,29.6249599456787
YR2016,FRO,
YR2016,FSM,
YR2016,GAB,
YR2016,GBR,
YR2016,GEO,51.034538269043
YR2016,GHA,
YR2016,GIB,
YR2016,GIN,
YR2016,GMB,
YR2016,GNB,
YR2016,GNQ,
YR2016,GRC,26.6989898681641
YR2016,GRD,
YR2016,GRL,
YR2016,GTM,
YR2016,GUM,
YR2016,GUY,
YR2016,HKG,
YR2016,HND,10.79065990448
YR2016,HRV,
YR2016,HTI,
YR2016,HUN,28.5094604492188
YR2016,IDN,9.39820003509521
YR2016,IMN,
YR2016,IND,
YR2016,IRL,
YR2016,IRN,23.0621204376221
YR2016,IRQ,
YR2016,ISL,
YR2016,ISR,
YR2016,ITA,
YR2016,JAM,
YR2016,JOR,
YR2016,JPN,
YR2016,KAZ,
YR2016,KEN,
YR2016,KGZ,
YR2016,KHM,
YR2016,KIR,
YR2016,KNA,
YR2016,KOR,
YR2016,KWT,
YR2016,LAO,
YR2016,LBN,
YR2016,LBR,
YR2016,LBY,
YR2016,LCA,
YR2016,LIE,
YR2016,LKA,
YR2016,LSO,
YR2016,LTU,53.1195297241211
YR2016,LUX,
YR2016,LVA,39.0713691711426
YR2016,MAC,26.3172092437744
YR2016,MAF,
YR2016,MAR,
YR2016,MCO,
YR2016,MDA,
YR2016,MDG,
YR2016,MDV,
YR2016,MEX,15.1532297134399
YR2016,MHL,
YR2016,MKD,
YR2016,MLI,4.94879007339478
YR2016,MLT,24.6765995025635
YR2016,MMR,
YR2016,MNE,
YR2016,MNG,
YR2016,MNP,
YR2016,MOZ,
YR2016,MRT,
YR2016,MUS,
YR2016,MWI,
YR2016,MYS,20.8830394744873
YR2016,NAM,
YR2016,NCL,
YR2016,NER,
YR2016,NGA,
YR2016,NIC,
YR2016,NLD,31.78830909729
YR2016,NOR,38.7757606506348
YR2016,NPL,
YR2016,NRU,
YR2016,NZL,46.1020317077637
YR2016,OMN,
YR2016,PAK,8.61713027954102
YR2016,PAN,
YR2016,PER,
YR2016,PHL,
YR2016,PLW,
YR2016,PNG,
YR2016,POL,28.1719207763672
YR2016,PRI,
YR2016,PRK,
YR2016,PRT,19.5643501281738
YR2016,PRY,14.0451498031616
YR2016,PSE,23.6848602294922
YR2016,PYF,
YR2016,QAT,23.9165592193604
YR2016,ROU,17.7419300079346
YR2016,RUS,
YR2016,RWA,
YR2016,SAU,
YR2016,SDN,
YR2016,SEN,
YR2016,SGP,52.7865180969238
YR2016,SLB,
YR2016,SLE,
YR2016,SLV,8.49256992340088
YR2016,SMR,
YR2016,SOM,
YR2016,SRB,22.5822696685791
YR2016,SSD,
YR2016,STP,
YR2016,SUR,
YR2016,SVK,21.516529083252
YR2016,SVN,26.9521999359131
YR2016,SWE,37.8982696533203
YR2016,SWZ,
YR2016,SXM,
YR2016,SYC,
YR2016,SYR,
YR2016,TCA,
YR2016,TCD,
YR2016,TGO,
YR2016,THA,
YR2016,TJK,
YR2016,TKM,
YR2016,TLS,
YR2016,TON,
YR2016,TTO,
YR2016,TUN,15.1578397750854
YR2016,TUR,18.1570796966553
YR2016,TUV,
YR2016,TZA,
YR2016,UGA,
YR2016,UKR,
YR2016,URY,12.2462196350098
YR2016,USA,43.5118789672852
YR2016,UZB,62.5079116821289
YR2016,VCT,
YR2016,VEN,35.4028282165527
YR2016,VGB,
YR2016,VIR,
YR2016,VNM,
YR2016,VUT,
YR2016,WSM,
YR2016,XKX,
YR2016,YEM,
YR2016,ZAF,
YR2016,ZMB,
YR2016,ZWE,
YR2017,ABW,
YR2017,AFG,
YR2017,AGO,
YR2017,ALB,
YR2017,AND,
YR2017,ARE,52.5691299438477
YR2017,ARG,
YR2017,ARM,46.7269706726074
YR2017,ASM,
YR2017,ATG,
YR2017,AUS,47.6669883728027
YR2017,AUT,30.6283702850342
YR2017,AZE,30.0558700561523
YR2017,BDI,1.63555002212524
YR2017,BEL,36.3806114196777
YR2017,BEN,
YR2017,BFA,
YR2017,BGD,14.9236602783203
YR2017,BGR,24.7128791809082
YR2017,BHR,24.4504508972168
YR2017,BHS,
YR2017,BIH,
YR2017,BLR,
YR2017,BLZ,
YR2017,BMU,
YR2017,BOL,
YR2017,BRA,15.734580039978
YR2017,BRB,
YR2017,BRN,
YR2017,BTN,11.0007400512695
YR2017,BWA,
YR2017,CAF,
YR2017,CAN,
YR2017,CHE,
YR2017,CHI,
YR2017,CHL,22.0356903076172
YR2017,CHN,
YR2017,CIV,
YR2017,CMR,
YR2017,COD,
YR2017,COG,
YR2017,COL,
YR2017,COM,
YR2017,CPV,
YR2017,CRI,
YR2017,CUB,
YR2017,CUW,
YR2017,CYM,
YR2017,CYP,
YR2017,CZE,
YR2017,DEU,
YR2017,DJI,
YR2017,DMA,
YR2017,DNK,
YR2017,DOM,
YR2017,DZA,
YR2017,ECU,13.9573402404785
YR2017,EGY,12.9849700927734
YR2017,ERI,
YR2017,ESP,
YR2017,EST,38.7834014892578
YR2017,ETH,
YR2017,FIN,36.2037696838379
YR2017,FJI,
YR2017,FRA,30.2273502349854
YR2017,FRO,
YR2017,FSM,
YR2017,GAB,
YR2017,GBR,44.0941696166992
YR2017,GEO,59.2362289428711
YR2017,GHA,
YR2017,GIB,
YR2017,GIN,
YR2017,GMB,
YR2017,GNB,
YR2017,GNQ,
YR2017,GRC,
YR2017,GRD,
YR2017,GRL,
YR2017,GTM,
YR2017,GUM,
YR2017,GUY,
YR2017,HKG,29.1032390594482
YR2017,HND,
YR2017,HRV,
YR2017,HTI,
YR2017,HUN,
YR2017,IDN,
YR2017,IMN,
YR2017,IND,
YR2017,IRL,42.9487991333008
YR2017,IRN,
YR2017,IRQ,
YR2017,ISL,
YR2017,ISR,
YR2017,ITA,
YR2017,JAM,
YR2017,JOR,
YR2017,JPN,
YR2017,KAZ,
YR2017,KEN,
YR2017,KGZ,
YR2017,KHM,
YR2017,KIR,
YR2017,KNA,
YR2017,KOR,
YR2017,KWT,17.39208984375
YR2017,LAO,
YR2017,LBN,
YR2017,LBR,
YR2017,LBY,
YR2017,LCA,
YR2017,LIE,
YR2017,LKA,
YR2017,LSO,
YR2017,LTU,54.6428489685059
YR2017,LUX,
YR2017,LVA,
YR2017,MAC,
YR2017,MAF,
YR2017,MAR,
YR2017,MCO,
YR2017,MDA,
YR2017,MDG,
YR2017,MDV,
YR2017,MEX,15.8232803344727
YR2017,MHL,
YR2017,MKD,
YR2017,MLI,
YR2017,MLT,
YR2017,MMR,
YR2017,MNE,
YR2017,MNG,
YR2017,MNP,
YR2017,MOZ,1.97415995597839
YR2017,MRT,
YR2017,MUS,
YR2017,MWI,
YR2017,MYS,
YR2017,NAM,
YR2017,NCL,
YR2017,NER,
YR2017,NGA,
YR2017,NIC,
YR2017,NLD,
YR2017,NOR,39.5990715026855
YR2017,NPL,
YR2017,NRU,
YR2017,NZL,
YR2017,OMN,
YR2017,PAK,8.65032958984375
YR2017,PAN,
YR2017,PER,
YR2017,PHL,20.0713500976563
YR2017,PLW,
YR2017,PNG,
YR2017,POL,
YR2017,PRI,50.0497093200684
YR2017,PRK,
YR2017,PRT,19.7842197418213
YR2017,PRY,
YR2017,PSE,
YR2017,PYF,
YR2017,QAT,24.2026500701904
YR2017,ROU,17.7385807037354
YR2017,RUS,
YR2017,RWA,
YR2017,SAU,31.4776496887207
YR2017,SDN,
YR2017,SEN,9.95411014556885
YR2017,SGP,54.2321090698242
YR2017,SLB,
YR2017,SLE,
YR2017,SLV,7.95080995559692
YR2017,SMR,
YR2017,SOM,
YR2017,SRB,22.583610534668
YR2017,SSD,
YR2017,STP,
YR2017,SUR,
YR2017,SVK,22.7982692718506
YR2017,SVN,28.1766605377197
YR2017,SWE,38.5563888549805
YR2017,SWZ,
YR2017,SXM,
YR2017,SYC,
YR2017,SYR,
YR2017,TCA,
YR2017,TCD,
YR2017,TGO,
YR2017,THA,
YR2017,TJK,22.7469291687012
YR2017,TKM,
YR2017,TLS,
YR2017,TON,
YR2017,TTO,
YR2017,TUN,
YR2017,TUR,19.0878391265869
YR2017,TUV,
YR2017,TZA,
YR2017,UGA,
YR2017,UKR,
YR2017,URY,13.1665096282959
YR2017,USA,
YR2017,UZB,
YR2017,VCT,3.54091000556946
YR2017,VEN,
YR2017,VGB,
YR2017,VIR,
YR2017,VNM,
YR2017,VUT,
YR2017,WSM,
YR2017,XKX,
YR2017,YEM,
YR2017,ZAF,13.6938199996948
YR2017,ZMB,
YR2017,ZWE,9.41853046417236
YR2018,ABW,
YR2018,AFG,
YR2018,AGO,
YR2018,ALB,
YR2018,AND,
YR2018,ARE,55.465690612793
YR2018,ARG,19.9918098449707
YR2018,ARM,
YR2018,ASM,
YR2018,ATG,
YR2018,AUS,48.3026695251465
YR2018,AUT,
YR2018,AZE,
YR2018,BDI,
YR2018,BEL,
YR2018,BEN,
YR2018,BFA,
YR2018,BGD,15.5677995681763
YR2018,BGR,
YR2018,BHR,32.3650703430176
YR2018,BHS,
YR2018,BIH,11.8616600036621
YR2018,BLR,
YR2018,BLZ,
YR2018,BMU,
YR2018,BOL,
YR2018,BRA,16.5433902740479
YR2018,BRB,
YR2018,BRN,
YR2018,BTN,
YR2018,BWA,
YR2018,CAF,
YR2018,CAN,
YR2018,CHE,
YR2018,CHI,
YR2018,CHL,
YR2018,CHN,
YR2018,CIV,
YR2018,CMR,
YR2018,COD,
YR2018,COG,
YR2018,COL,21.2513294219971
YR2018,COM,
YR2018,CPV,
YR2018,CRI,22.2299098968506
YR2018,CUB,
YR2018,CUW,
YR2018,CYM,
YR2018,CYP,39.1660614013672
YR2018,CZE,
YR2018,DEU,35.5881805419922
YR2018,DJI,
YR2018,DMA,
YR2018,DNK,37.1166496276855
YR2018,DOM,
YR2018,DZA,
YR2018,ECU,
YR2018,EGY,
YR2018,ERI,
YR2018,ESP,31.1615695953369
YR2018,EST,40.2903594970703
YR2018,ETH,
YR2018,FIN,
YR2018,FJI,
YR2018,FRA,
YR2018,FRO,
YR2018,FSM,
YR2018,GAB,
YR2018,GBR,
YR2018,GEO,
YR2018,GHA,
YR2018,GIB,
YR2018,GIN,
YR2018,GMB,
YR2018,GNB,
YR2018,GNQ,
YR2018,GRC,
YR2018,GRD,
YR2018,GRL,14.3854703903198
YR2018,GTM,
YR2018,GUM,
YR2018,GUY,
YR2018,HKG,
YR2018,HND,9.74761009216309
YR2018,HRV,
YR2018,HTI,
YR2018,HUN,
YR2018,IDN,9.99415016174316
YR2018,IMN,
YR2018,IND,
YR2018,IRL,
YR2018,IRN,
YR2018,IRQ,
YR2018,ISL,
YR2018,ISR,
YR2018,ITA,
YR2018,JAM,
YR2018,JOR,
YR2018,JPN,
YR2018,KAZ,79.0202713012695
YR2018,KEN,
YR2018,KGZ,
YR2018,KHM,
YR2018,KIR,
YR2018,KNA,
YR2018,KOR,
YR2018,KWT,18.50705909729
YR2018,LAO,
YR2018,LBN,
YR2018,LBR,
YR2018,LBY,
YR2018,LCA,
YR2018,LIE,
YR2018,LKA,
YR2018,LSO,
YR2018,LTU,
YR2018,LUX,
YR2018,LVA,43.5797996520996
YR2018,MAC,
YR2018,MAF,
YR2018,MAR,
YR2018,MCO,
YR2018,MDA,
YR2018,MDG,
YR2018,MDV,
YR2018,MEX,16.4495906829834
YR2018,MHL,
YR2018,MKD,
YR2018,MLI,6.18122005462646
YR2018,MLT,30.1369705200195
YR2018,MMR,
YR2018,MNE,
YR2018,MNG,
YR2018,MNP,
YR2018,MOZ,
YR2018,MRT,
YR2018,MUS,
YR2018,MWI,
YR2018,MYS,
YR2018,NAM,
YR2018,NCL,
YR2018,NER,
YR2018,NGA,
YR2018,NIC,
YR2018,NLD,33.2913818359375
YR2018,NOR,
YR2018,NPL,
YR2018,NRU,
YR2018,NZL,
YR2018,OMN,
YR2018,PAK,
YR2018,PAN,
YR2018,PER,21.9098300933838
YR2018,PHL,
YR2018,PLW,
YR2018,PNG,
YR2018,POL,
YR2018,PRI,
YR2018,PRK,
YR2018,PRT,19.2310905456543
YR2018,PRY,15.2228899002075
YR2018,PSE,25.8593196868896
YR2018,PYF,
YR2018,QAT,
YR2018,ROU,
YR2018,RUS,
YR2018,RWA,4.13283014297485
YR2018,SAU,
YR2018,SDN,
YR2018,SEN,
YR2018,SGP,55.7606086730957
YR2018,SLB,
YR2018,SLE,
YR2018,SLV,
YR2018,SMR,15.7600202560425
YR2018,SOM,
YR2018,SRB,
YR2018,SSD,
YR2018,STP,
YR2018,SUR,
YR2018,SVK,
YR2018,SVN,
YR2018,SWE,
YR2018,SWZ,
YR2018,SXM,
YR2018,SYC,
YR2018,SYR,
YR2018,TCA,
YR2018,TCD,
YR2018,TGO,
YR2018,THA,
YR2018,TJK,
YR2018,TKM,
YR2018,TLS,
YR2018,TON,
YR2018,TTO,
YR2018,TUN,
YR2018,TUR,
YR2018,TUV,
YR2018,TZA,
YR2018,UGA,
YR2018,UKR,
YR2018,URY,13.317720413208
YR2018,USA,45.167911529541
YR2018,UZB,63.8901710510254
YR2018,VCT,
YR2018,VEN,
YR2018,VGB,
YR2018,VIR,
YR2018,VNM,
YR2018,VUT,
YR2018,WSM,
YR2018,XKX,
YR2018,YEM,
YR2018,ZAF,
YR2018,ZMB,
YR2018,ZWE,
YR2019,ABW,
YR2019,AFG,
YR2019,AGO,
YR2019,ALB,
YR2019,AND,
YR2019,ARE,
YR2019,ARG,
YR2019,ARM,
YR2019,ASM,
YR2019,ATG,
YR2019,AUS,
YR2019,AUT,
YR2019,AZE,
YR2019,BDI,
YR2019,BEL,
YR2019,BEN,
YR2019,BFA,
YR2019,BGD,16.2052707672119
YR2019,BGR,
YR2019,BHR,
YR2019,BHS,
YR2019,BIH,
YR2019,BLR,
YR2019,BLZ,
YR2019,BMU,
YR2019,BOL,
YR2019,BRA,
YR2019,BRB,
YR2019,BRN,
YR2019,BTN,
YR2019,BWA,
YR2019,CAF,
YR2019,CAN,
YR2019,CHE,
YR2019,CHI,
YR2019,CHL,
YR2019,CHN,
YR2019,CIV,
YR2019,CMR,
YR2019,COD,
YR2019,COG,
YR2019,COL,
YR2019,COM,
YR2019,CPV,
YR2019,CRI,
YR2019,CUB,
YR2019,CUW,
YR2019,CYM,
YR2019,CYP,
YR2019,CZE,
YR2019,DEU,
YR2019,DJI,
YR2019,DMA,
YR2019,DNK,
YR2019,DOM,
YR2019,DZA,
YR2019,ECU,
YR2019,EGY,
YR2019,ERI,
YR2019,ESP,
YR2019,EST,
YR2019,ETH,
YR2019,FIN,
YR2019,FJI,
YR2019,FRA,
YR2019,FRO,
YR2019,FSM,
YR2019,GAB,
YR2019,GBR,
YR2019,GEO,
YR2019,GHA,
YR2019,GIB,
YR2019,GIN,
YR2019,GMB,
YR2019,GNB,
YR2019,GNQ,
YR2019,GRC,
YR2019,GRD,
YR2019,GRL,
YR2019,GTM,
YR2019,GUM,
YR2019,GUY,
YR2019,HKG,
YR2019,HND,
YR2019,HRV,
YR2019,HTI,
YR2019,HUN,
YR2019,IDN,
YR2019,IMN,
YR2019,IND,
YR2019,IRL,
YR2019,IRN,
YR2019,IRQ,
YR2019,ISL,
YR2019,ISR,
YR2019,ITA,
YR2019,JAM,
YR2019,JOR,
YR2019,JPN,
YR2019,KAZ,
YR2019,KEN,
YR2019,KGZ,
YR2019,KHM,
YR2019,KIR,
YR2019,KNA,
YR2019,KOR,
YR2019,KWT,
YR2019,LAO,
YR2019,LBN,
YR2019,LBR,
YR2019,LBY,
YR2019,LCA,
YR2019,LIE,
YR2019,LKA,
YR2019,LSO,
YR2019,LTU,
YR2019,LUX,
YR2019,LVA,
YR2019,MAC,
YR2019,MAF,
YR2019,MAR,
YR2019,MCO,
YR2019,MDA,
YR2019,MDG,
YR2019,MDV,
YR2019,MEX,
YR2019,MHL,
YR2019,MKD,
YR2019,MLI,
YR2019,MLT,
YR2019,MMR,
YR2019,MNE,
YR2019,MNG,
YR2019,MNP,
YR2019,MOZ,
YR2019,MRT,
YR2019,MUS,
YR2019,MWI,
YR2019,MYS,
YR2019,NAM,
YR2019,NCL,
YR2019,NER,
YR2019,NGA,
YR2019,NIC,
YR2019,NLD,
YR2019,NOR,
YR2019,NPL,
YR2019,NRU,
YR2019,NZL,
YR2019,OMN,
YR2019,PAK,
YR2019,PAN,
YR2019,PER,
YR2019,PHL,
YR2019,PLW,
YR2019,PNG,
YR2019,POL,
YR2019,PRI,
YR2019,PRK,
YR2019,PRT,
YR2019,PRY,
YR2019,PSE,
YR2019,PYF,
YR2019,QAT,
YR2019,ROU,
YR2019,RUS,
YR2019,RWA,
YR2019,SAU,
YR2019,SDN,
YR2019,SEN,
YR2019,SGP,
YR2019,SLB,
YR2019,SLE,
YR2019,SLV,
YR2019,SMR,
YR2019,SOM,
YR2019,SRB,
YR2019,SSD,
YR2019,STP,
YR2019,SUR,
YR2019,SVK,
YR2019,SVN,
YR2019,SWE,
YR2019,SWZ,
YR2019,SXM,
YR2019,SYC,
YR2019,SYR,
YR2019,TCA,
YR2019,TCD,
YR2019,TGO,
YR2019,THA,
YR2019,TJK,
YR2019,TKM,
YR2019,TLS,
YR2019,TON,
YR2019,TTO,
YR2019,TUN,
YR2019,TUR,
YR2019,TUV,
YR2019,TZA,
YR2019,UGA,
YR2019,UKR,
YR2019,URY,
YR2019,USA,
YR2019,UZB,
YR2019,VCT,
YR2019,VEN,
YR2019,VGB,
YR2019,VIR,
YR2019,VNM,
YR2019,VUT,
YR2019,WSM,
YR2019,XKX,
YR2019,YEM,
YR2019,ZAF,
YR2019,ZMB,
YR2019,ZWE,
YR2020,ABW,
YR2020,AFG,
YR2020,AGO,
YR2020,ALB,
YR2020,AND,
YR2020,ARE,
YR2020,ARG,
YR2020,ARM,
YR2020,ASM,
YR2020,ATG,
YR2020,AUS,
YR2020,AUT,
YR2020,AZE,
YR2020,BDI,
YR2020,BEL,
YR2020,BEN,
YR2020,BFA,
YR2020,BGD,
YR2020,BGR,
YR2020,BHR,
YR2020,BHS,
YR2020,BIH,
YR2020,BLR,
YR2020,BLZ,
YR2020,BMU,
YR2020,BOL,
YR2020,BRA,
YR2020,BRB,
YR2020,BRN,
YR2020,BTN,
YR2020,BWA,
YR2020,CAF,
YR2020,CAN,
YR2020,CHE,
YR2020,CHI,
YR2020,CHL,
YR2020,CHN,
YR2020,CIV,
YR2020,CMR,
YR2020,COD,
YR2020,COG,
YR2020,COL,
YR2020,COM,
YR2020,CPV,
YR2020,CRI,
YR2020,CUB,
YR2020,CUW,
YR2020,CYM,
YR2020,CYP,
YR2020,CZE,
YR2020,DEU,
YR2020,DJI,
YR2020,DMA,
YR2020,DNK,
YR2020,DOM,
YR2020,DZA,
YR2020,ECU,
YR2020,EGY,
YR2020,ERI,
YR2020,ESP,
YR2020,EST,
YR2020,ETH,
YR2020,FIN,
YR2020,FJI,
YR2020,FRA,
YR2020,FRO,
YR2020,FSM,
YR2020,GAB,
YR2020,GBR,
YR2020,GEO,
YR2020,GHA,
YR2020,GIB,
YR2020,GIN,
YR2020,GMB,
YR2020,GNB,
YR2020,GNQ,
YR2020,GRC,
YR2020,GRD,
YR2020,GRL,
YR2020,GTM,
YR2020,GUM,
YR2020,GUY,
YR2020,HKG,
YR2020,HND,
YR2020,HRV,
YR2020,HTI,
YR2020,HUN,
YR2020,IDN,
YR2020,IMN,
YR2020,IND,
YR2020,IRL,
YR2020,IRN,
YR2020,IRQ,
YR2020,ISL,
YR2020,ISR,
YR2020,ITA,
YR2020,JAM,
YR2020,JOR,
YR2020,JPN,
YR2020,KAZ,
YR2020,KEN,
YR2020,KGZ,
YR2020,KHM,
YR2020,KIR,
YR2020,KNA,
YR2020,KOR,
YR2020,KWT,
YR2020,LAO,
YR2020,LBN,
YR2020,LBR,
YR2020,LBY,
YR2020,LCA,
YR2020,LIE,
YR2020,LKA,
YR2020,LSO,
YR2020,LTU,
YR2020,LUX,
YR2020,LVA,
YR2020,MAC,
YR2020,MAF,
YR2020,MAR,
YR2020,MCO,
YR2020,MDA,
YR2020,MDG,
YR2020,MDV,
YR2020,MEX,
YR2020,MHL,
YR2020,MKD,
YR2020,MLI,
YR2020,MLT,
YR2020,MMR,
YR2020,MNE,
YR2020,MNG,
YR2020,MNP,
YR2020,MOZ,
YR2020,MRT,
YR2020,MUS,
YR2020,MWI,
YR2020,MYS,
YR2020,NAM,
YR2020,NCL,
YR2020,NER,
YR2020,NGA,
YR2020,NIC,
YR2020,NLD,
YR2020,NOR,
YR2020,NPL,
YR2020,NRU,
YR2020,NZL,
YR2020,OMN,
YR2020,PAK,
YR2020,PAN,
YR2020,PER,
YR2020,PHL,
YR2020,PLW,
YR2020,PNG,
YR2020,POL,
YR2020,PRI,
YR2020,PRK,
YR2020,PRT,
YR2020,PRY,
YR2020,PSE,
YR2020,PYF,
YR2020,QAT,
YR2020,ROU,
YR2020,RUS,
YR2020,RWA,
YR2020,SAU,
YR2020,SDN,
YR2020,SEN,
YR2020,SGP,
YR2020,SLB,
YR2020,SLE,
YR2020,SLV,
YR2020,SMR,
YR2020,SOM,
YR2020,SRB,
YR2020,SSD,
YR2020,STP,
YR2020,SUR,
YR2020,SVK,
YR2020,SVN,
YR2020,SWE,
YR2020,SWZ,
YR2020,SXM,
YR2020,SYC,
YR2020,SYR,
YR2020,TCA,
YR2020,TCD,
YR2020,TGO,
YR2020,THA,
YR2020,TJK,
YR2020,TKM,
YR2020,TLS,
YR2020,TON,
YR2020,TTO,
YR2020,TUN,
YR2020,TUR,
YR2020,TUV,
YR2020,TZA,
YR2020,UGA,
YR2020,UKR,
YR2020,URY,
YR2020,USA,
YR2020,UZB,
YR2020,VCT,
YR2020,VEN,
YR2020,VGB,
YR2020,VIR,
YR2020,VNM,
YR2020,VUT,
YR2020,WSM,
YR2020,XKX,
YR2020,YEM,
YR2020,ZAF,
YR2020,ZMB,
YR2020,ZWE,
